"i_opt_5":[(0.860643, 4928000000.000000), (0.836709, 4928000000.000000), (0.777040, 4928000000.000000), (0.724787, 4928000000.000000), (0.768376, 4928000000.000000)],
"i_opt_6":[(0.906532, 5824000000.000000), (0.913403, 5824000000.000000), (0.909289, 5824000000.000000), (0.880931, 5824000000.000000), (0.917223, 5824000000.000000)],
"i_opt_7":[(1.224768, 6720000000.000000), (1.075817, 6720000000.000000), (1.063220, 6720000000.000000), (1.073709, 6720000000.000000), (1.054253, 6720000000.000000)],
"i_opt_8":[(1.234491, 7616000000.000000), (1.241783, 7616000000.000000), (1.225537, 7616000000.000000), (1.231228, 7616000000.000000), (1.228327, 7616000000.000000)],
"i_opt_9":[(1.437383, 8512000000.000000), (1.415603, 8512000000.000000), (1.425027, 8512000000.000000), (1.335889, 8512000000.000000), (1.445577, 8512000000.000000)],
"i_opt_10":[(1.607488, 9408000000.000000), (1.637910, 9408000000.000000), (1.527452, 9408000000.000000), (1.583077, 9408000000.000000), (1.521398, 9408000000.000000)],
"i_opt_11":[(1.697286, 10304000000.000000), (1.706325, 10304000000.000000), (1.682963, 10304000000.000000), (1.686971, 10304000000.000000), (1.825495, 10304000000.000000)],
"i_opt_12":[(1.837450, 11200000000.000000), (1.824788, 11200000000.000000), (1.778838, 11200000000.000000), (1.817590, 11200000000.000000), (1.738310, 11200000000.000000)],
"i_opt_13":[(1.979404, 12096000000.000000), (1.992253, 12096000000.000000), (1.980768, 12096000000.000000), (1.977102, 12096000000.000000), (1.956378, 12096000000.000000)],
"i_opt_14":[(2.150462, 12992000000.000000), (2.403321, 12992000000.000000), (2.245965, 12992000000.000000), (2.203897, 12992000000.000000), (2.282972, 12992000000.000000)],
"i_opt_15":[(2.558570, 13888000000.000000), (2.307287, 13888000000.000000), (2.542364, 13888000000.000000), (2.374772, 13888000000.000000), (2.329239, 13888000000.000000)],
"i_opt_16":[(2.749846, 14784000000.000000), (2.695481, 14784000000.000000), (2.723531, 14784000000.000000), (2.793050, 14784000000.000000), (2.737868, 14784000000.000000)],
"i_worst_5":[(0.392027, 1568000000.000000), (0.392086, 1568000000.000000), (0.349895, 1568000000.000000), (0.400361, 1568000000.000000), (0.301459, 1568000000.000000)],
"i_worst_6":[(0.404757, 1792000000.000000), (0.422482, 1792000000.000000), (0.307140, 1792000000.000000), (0.284934, 1792000000.000000), (0.269267, 1792000000.000000)],
"i_worst_7":[(0.330569, 2016000000.000000), (0.333756, 2016000000.000000), (0.312319, 2016000000.000000), (0.308868, 2016000000.000000), (0.309533, 2016000000.000000)],
"i_worst_8":[(0.355635, 2240000000.000000), (0.373507, 2240000000.000000), (0.372959, 2240000000.000000), (0.371518, 2240000000.000000), (0.375171, 2240000000.000000)],
"i_worst_9":[(0.413022, 2464000000.000000), (0.443816, 2464000000.000000), (0.425000, 2464000000.000000), (0.427664, 2464000000.000000), (0.424546, 2464000000.000000)],
"i_worst_10":[(0.463790, 2688000000.000000), (0.459999, 2688000000.000000), (0.461541, 2688000000.000000), (0.457448, 2688000000.000000), (0.455092, 2688000000.000000)],
"i_worst_11":[(0.501756, 2912000000.000000), (0.503029, 2912000000.000000), (0.503410, 2912000000.000000), (0.504598, 2912000000.000000), (0.468138, 2912000000.000000)],
"i_worst_12":[(0.564752, 3136000000.000000), (0.543024, 3136000000.000000), (0.563813, 3136000000.000000), (0.681713, 3136000000.000000), (0.715269, 3136000000.000000)],
"i_worst_13":[(0.768382, 3360000000.000000), (0.784847, 3360000000.000000), (0.786867, 3360000000.000000), (0.786911, 3360000000.000000), (0.799448, 3360000000.000000)],
"i_worst_14":[(0.884057, 3584000000.000000), (0.876581, 3584000000.000000), (0.875027, 3584000000.000000), (0.881268, 3584000000.000000), (0.872420, 3584000000.000000)],
"i_worst_15":[(0.912650, 3808000000.000000), (0.726936, 3808000000.000000), (0.936033, 3808000000.000000), (0.906793, 3808000000.000000), (0.927806, 3808000000.000000)],
"i_worst_16":[(0.936728, 4032000000.000000), (0.843017, 4032000000.000000), (0.983325, 4032000000.000000), (0.986198, 4032000000.000000), (0.974703, 4032000000.000000)],
"d_opt5":[(0.247824, 1344000000.000000), (0.248907, 1344000000.000000), (0.244595, 1344000000.000000), (0.248727, 1344000000.000000), (0.251536, 1344000000.000000)],
"d_opt6":[(0.304709, 1568000000.000000), (0.281716, 1568000000.000000), (0.282594, 1568000000.000000), (0.265545, 1568000000.000000), (0.268134, 1568000000.000000)],
"d_opt7":[(0.309343, 1792000000.000000), (0.302026, 1792000000.000000), (0.312347, 1792000000.000000), (0.305262, 1792000000.000000), (0.301776, 1792000000.000000)],
"d_opt8":[(0.349107, 2016000000.000000), (0.347060, 2016000000.000000), (0.346245, 2016000000.000000), (0.339855, 2016000000.000000), (0.347680, 2016000000.000000)],
"d_opt9":[(0.388395, 2240000000.000000), (0.398045, 2240000000.000000), (0.400131, 2240000000.000000), (0.406511, 2240000000.000000), (0.394002, 2240000000.000000)],
"d_opt10":[(0.430190, 2464000000.000000), (0.438013, 2464000000.000000), (0.421388, 2464000000.000000), (0.426320, 2464000000.000000), (0.427649, 2464000000.000000)],
"d_opt11":[(0.474875, 2688000000.000000), (0.490401, 2688000000.000000), (0.475611, 2688000000.000000), (0.486535, 2688000000.000000), (0.503324, 2688000000.000000)],
"d_opt12":[(0.528994, 2912000000.000000), (0.530830, 2912000000.000000), (0.536781, 2912000000.000000), (0.575145, 2912000000.000000), (0.627583, 2912000000.000000)],
"d_opt13":[(0.626171, 3136000000.000000), (0.630352, 3136000000.000000), (0.633423, 3136000000.000000), (0.624800, 3136000000.000000), (0.624905, 3136000000.000000)],
"d_opt14":[(0.697594, 3360000000.000000), (0.729544, 3360000000.000000), (0.712485, 3360000000.000000), (0.691720, 3360000000.000000), (0.730899, 3360000000.000000)],
"d_opt15":[(0.784841, 3584000000.000000), (0.710323, 3584000000.000000), (0.780782, 3584000000.000000), (0.787275, 3584000000.000000), (0.854520, 3584000000.000000)],
"d_opt16":[(0.866194, 3808000000.000000), (0.876304, 3808000000.000000), (0.858724, 3808000000.000000), (0.890330, 3808000000.000000), (0.853239, 3808000000.000000)],
"d_worst5":[(0.551775, 2464000000.000000), (0.539093, 2464000000.000000), (0.516670, 2464000000.000000), (0.498708, 2464000000.000000), (0.499251, 2464000000.000000)],
"d_worst6":[(0.574631, 2912000000.000000), (0.598195, 2912000000.000000), (0.594969, 2912000000.000000), (0.594499, 2912000000.000000), (0.596309, 2912000000.000000)],
"d_worst7":[(0.692938, 3360000000.000000), (0.676044, 3360000000.000000), (0.682348, 3360000000.000000), (0.696985, 3360000000.000000), (0.686187, 3360000000.000000)],
"d_worst8":[(0.835847, 3808000000.000000), (0.832793, 3808000000.000000), (0.835305, 3808000000.000000), (0.828617, 3808000000.000000), (0.865069, 3808000000.000000)],
"d_worst9":[(0.998779, 4256000000.000000), (0.962160, 4256000000.000000), (0.999828, 4256000000.000000), (1.179019, 4256000000.000000), (1.067663, 4256000000.000000)],
"d_worst10":[(1.165753, 4704000000.000000), (1.148467, 4704000000.000000), (1.152940, 4704000000.000000), (1.159338, 4704000000.000000), (1.138828, 4704000000.000000)],
"d_worst11":[(1.291364, 5152000000.000000), (1.265292, 5152000000.000000), (1.265347, 5152000000.000000), (1.263165, 5152000000.000000), (1.253259, 5152000000.000000)],
"d_worst12":[(1.403766, 5600000000.000000), (1.372832, 5600000000.000000), (1.403150, 5600000000.000000), (1.396705, 5600000000.000000), (1.370563, 5600000000.000000)],
"d_worst13":[(1.503542, 6048000000.000000), (1.506095, 6048000000.000000), (1.585308, 6048000000.000000), (1.502890, 6048000000.000000), (1.434894, 6048000000.000000)],
"d_worst14":[(1.654913, 6496000000.000000), (1.671373, 6496000000.000000), (1.668226, 6496000000.000000), (1.628868, 6496000000.000000), (1.631462, 6496000000.000000)],
"d_worst15":[(1.833090, 6944000000.000000), (1.816524, 6944000000.000000), (1.769569, 6944000000.000000), (1.802186, 6944000000.000000), (1.776149, 6944000000.000000)],
"d_worst16":[(1.984277, 7392000000.000000), (1.900164, 7392000000.000000), (1.930250, 7392000000.000000), (1.982976, 7392000000.000000), (1.843701, 7392000000.000000)],
