"best_15":[(0.000000929, 46.696000000), (0.000000795, 84.200000000), (0.000000787, 58.972000000), (0.000000622, 68.260000000), (0.000000520, 75.892000000), (0.000000188, 10.304000000), (0.000000530, 79.196000000), (0.000000123, 8.008000000), (0.000000517, 78.960000000), (0.000000189, 10.000000000), (0.000000824, 46.696000000), (0.000000680, 84.200000000), (0.000000661, 58.972000000), (0.000000663, 68.260000000), (0.000000555, 75.892000000), (0.000000151, 10.304000000), (0.000000472, 79.196000000), (0.000000141, 8.008000000), (0.000000464, 78.960000000), (0.000000155, 10.000000000), (0.000000898, 46.696000000), (0.000000758, 84.200000000), (0.000000732, 58.972000000), (0.000000657, 68.260000000), (0.000000493, 75.892000000), (0.000000132, 10.304000000), (0.000000419, 79.196000000), (0.000000115, 8.008000000), (0.000000417, 78.960000000), (0.000000124, 10.000000000), (0.000000704, 46.696000000), (0.000000735, 84.200000000), (0.000000681, 58.972000000), (0.000000798, 68.260000000), (0.000000573, 75.892000000), (0.000000136, 10.304000000), (0.000000385, 79.196000000), (0.000000093, 8.008000000), (0.000000327, 78.960000000), (0.000000141, 10.000000000), (0.000000807, 46.696000000), (0.000000647, 84.200000000), (0.000000541, 58.972000000), (0.000000841, 68.260000000), (0.000000404, 75.892000000), (0.000000116, 10.304000000), (0.000000353, 79.196000000), (0.000000126, 8.008000000), (0.000000338, 78.960000000), (0.000000108, 10.000000000), (0.000000703, 46.696000000), (0.000000514, 84.200000000), (0.000000467, 58.972000000), (0.000000437, 68.260000000), (0.000000331, 75.892000000), (0.000000101, 10.304000000), (0.000000287, 79.196000000), (0.000000083, 8.008000000), (0.000000335, 78.960000000), (0.000000119, 10.000000000), (0.000000436, 46.696000000), (0.000000429, 84.200000000), (0.000000384, 58.972000000), (0.000000392, 68.260000000), (0.000000299, 75.892000000), (0.000000086, 10.304000000), (0.000000230, 79.196000000), (0.000000071, 8.008000000), (0.000000224, 78.960000000), (0.000000078, 10.000000000), (0.000000324, 46.696000000), (0.000000355, 84.200000000), (0.000000309, 58.972000000), (0.000000345, 68.260000000), (0.000000264, 75.892000000), (0.000000076, 10.304000000), (0.000000229, 79.196000000), (0.000000068, 8.008000000), (0.000000225, 78.960000000), (0.000000077, 10.000000000), (0.000000281, 46.696000000), (0.000000325, 84.200000000), (0.000000308, 58.972000000), (0.000000317, 68.260000000), (0.000000259, 75.892000000), (0.000000075, 10.304000000), (0.000000234, 79.196000000), (0.000000068, 8.008000000), (0.000000222, 78.960000000), (0.000000103, 10.000000000), (0.000000314, 46.696000000), (0.000000332, 84.200000000), (0.000000305, 58.972000000), (0.000000319, 68.260000000), (0.000000263, 75.892000000), (0.000000077, 10.304000000), (0.000000231, 79.196000000), (0.000000068, 8.008000000), (0.000000224, 78.960000000), (0.000000078, 10.000000000)],
"best_16":[(0.000000554, 43.440000000), (0.000000428, 88.064000000), (0.000000383, 51.372000000), (0.000000397, 77.720000000), (0.000000360, 57.296000000), (0.000000328, 59.276000000), (0.000000254, 79.600000000), (0.000000079, 8.900000000), (0.000000256, 79.284000000), (0.000000082, 11.204000000), (0.000000433, 43.440000000), (0.000000443, 88.064000000), (0.000000408, 51.372000000), (0.000000426, 77.720000000), (0.000000435, 57.296000000), (0.000000399, 59.276000000), (0.000000269, 79.600000000), (0.000000089, 8.900000000), (0.000000289, 79.284000000), (0.000000095, 11.204000000), (0.000000404, 43.440000000), (0.000000381, 88.064000000), (0.000000377, 51.372000000), (0.000000393, 77.720000000), (0.000000345, 57.296000000), (0.000000315, 59.276000000), (0.000000256, 79.600000000), (0.000000078, 8.900000000), (0.000000250, 79.284000000), (0.000000087, 11.204000000), (0.000000370, 43.440000000), (0.000000380, 88.064000000), (0.000000324, 51.372000000), (0.000000579, 77.720000000), (0.000000469, 57.296000000), (0.000000360, 59.276000000), (0.000000263, 79.600000000), (0.000000094, 8.900000000), (0.000000258, 79.284000000), (0.000000086, 11.204000000), (0.000000432, 43.440000000), (0.000000390, 88.064000000), (0.000000330, 51.372000000), (0.000000375, 77.720000000), (0.000000391, 57.296000000), (0.000000329, 59.276000000), (0.000000258, 79.600000000), (0.000000080, 8.900000000), (0.000000253, 79.284000000), (0.000000083, 11.204000000), (0.000000371, 43.440000000), (0.000000400, 88.064000000), (0.000000322, 51.372000000), (0.000000372, 77.720000000), (0.000000346, 57.296000000), (0.000000372, 59.276000000), (0.000000252, 79.600000000), (0.000000080, 8.900000000), (0.000000254, 79.284000000), (0.000000087, 11.204000000), (0.000000459, 43.440000000), (0.000000378, 88.064000000), (0.000000319, 51.372000000), (0.000000373, 77.720000000), (0.000000341, 57.296000000), (0.000000320, 59.276000000), (0.000000256, 79.600000000), (0.000000081, 8.900000000), (0.000000251, 79.284000000), (0.000000086, 11.204000000), (0.000000397, 43.440000000), (0.000000375, 88.064000000), (0.000000324, 51.372000000), (0.000000377, 77.720000000), (0.000000341, 57.296000000), (0.000000312, 59.276000000), (0.000000250, 79.600000000), (0.000000081, 8.900000000), (0.000000258, 79.284000000), (0.000000086, 11.204000000), (0.000000357, 43.440000000), (0.000000370, 88.064000000), (0.000000329, 51.372000000), (0.000000380, 77.720000000), (0.000000342, 57.296000000), (0.000000315, 59.276000000), (0.000000251, 79.600000000), (0.000000078, 8.900000000), (0.000000250, 79.284000000), (0.000000086, 11.204000000), (0.000000346, 43.440000000), (0.000000360, 88.064000000), (0.000000321, 51.372000000), (0.000000368, 77.720000000), (0.000000347, 57.296000000), (0.000000316, 59.276000000), (0.000000248, 79.600000000), (0.000000080, 8.900000000), (0.000000260, 79.284000000), (0.000000085, 11.204000000)],
"best_17":[(0.000000485, 41.404000000), (0.000000629, 86.852000000), (0.000000495, 46.272000000), (0.000000698, 85.836000000), (0.000000512, 50.736000000), (0.000000557, 79.160000000), (0.000000448, 54.440000000), (0.000000452, 72.652000000), (0.000000415, 56.652000000), (0.000000479, 67.616000000), (0.000000417, 41.404000000), (0.000000537, 86.852000000), (0.000000369, 46.272000000), (0.000000454, 85.836000000), (0.000000416, 50.736000000), (0.000000461, 79.160000000), (0.000000390, 54.440000000), (0.000000439, 72.652000000), (0.000000446, 56.652000000), (0.000000600, 67.616000000), (0.000000384, 41.404000000), (0.000000436, 86.852000000), (0.000000378, 46.272000000), (0.000000448, 85.836000000), (0.000000395, 50.736000000), (0.000000492, 79.160000000), (0.000000687, 54.440000000), (0.000000619, 72.652000000), (0.000000473, 56.652000000), (0.000000461, 67.616000000), (0.000000451, 41.404000000), (0.000000491, 86.852000000), (0.000000483, 46.272000000), (0.000000534, 85.836000000), (0.000000452, 50.736000000), (0.000000581, 79.160000000), (0.000000445, 54.440000000), (0.000000478, 72.652000000), (0.000000466, 56.652000000), (0.000000643, 67.616000000), (0.000000426, 41.404000000), (0.000000442, 86.852000000), (0.000000410, 46.272000000), (0.000000565, 85.836000000), (0.000000515, 50.736000000), (0.000000513, 79.160000000), (0.000000521, 54.440000000), (0.000000566, 72.652000000), (0.000000475, 56.652000000), (0.000000501, 67.616000000), (0.000000497, 41.404000000), (0.000000510, 86.852000000), (0.000000407, 46.272000000), (0.000000447, 85.836000000), (0.000000416, 50.736000000), (0.000000466, 79.160000000), (0.000000429, 54.440000000), (0.000000462, 72.652000000), (0.000000439, 56.652000000), (0.000000475, 67.616000000), (0.000000406, 41.404000000), (0.000000467, 86.852000000), (0.000000544, 46.272000000), (0.000000713, 85.836000000), (0.000000478, 50.736000000), (0.000000550, 79.160000000), (0.000000559, 54.440000000), (0.000000533, 72.652000000), (0.000000490, 56.652000000), (0.000000519, 67.616000000), (0.000000427, 41.404000000), (0.000000488, 86.852000000), (0.000000533, 46.272000000), (0.000000503, 85.836000000), (0.000000445, 50.736000000), (0.000000498, 79.160000000), (0.000000452, 54.440000000), (0.000000522, 72.652000000), (0.000000458, 56.652000000), (0.000000541, 67.616000000), (0.000000435, 41.404000000), (0.000000470, 86.852000000), (0.000000415, 46.272000000), (0.000000505, 85.836000000), (0.000000443, 50.736000000), (0.000000497, 79.160000000), (0.000000445, 54.440000000), (0.000000485, 72.652000000), (0.000000456, 56.652000000), (0.000000494, 67.616000000), (0.000000416, 41.404000000), (0.000000499, 86.852000000), (0.000000453, 46.272000000), (0.000000513, 85.836000000), (0.000000503, 50.736000000), (0.000000522, 79.160000000), (0.000000464, 54.440000000), (0.000000507, 72.652000000), (0.000000476, 56.652000000), (0.000000515, 67.616000000)],
"best_18":[(0.000000815, 40.404000000), (0.000000843, 87.668000000), (0.000000772, 42.416000000), (0.000000811, 88.064000000), (0.000000632, 45.820000000), (0.000000631, 87.344000000), (0.000000575, 47.824000000), (0.000000715, 84.416000000), (0.000000728, 49.652000000), (0.000000688, 79.228000000), (0.000000458, 40.404000000), (0.000000558, 87.668000000), (0.000000464, 42.416000000), (0.000000534, 88.064000000), (0.000000481, 45.820000000), (0.000000532, 87.344000000), (0.000000502, 47.824000000), (0.000000556, 84.416000000), (0.000000505, 49.652000000), (0.000000586, 79.228000000), (0.000000442, 40.404000000), (0.000000543, 87.668000000), (0.000000465, 42.416000000), (0.000000535, 88.064000000), (0.000000478, 45.820000000), (0.000000537, 87.344000000), (0.000000499, 47.824000000), (0.000000557, 84.416000000), (0.000000508, 49.652000000), (0.000000566, 79.228000000), (0.000000462, 40.404000000), (0.000000539, 87.668000000), (0.000000478, 42.416000000), (0.000000545, 88.064000000), (0.000000535, 45.820000000), (0.000000723, 87.344000000), (0.000000670, 47.824000000), (0.000000660, 84.416000000), (0.000000604, 49.652000000), (0.000000653, 79.228000000), (0.000000533, 40.404000000), (0.000000596, 87.668000000), (0.000000508, 42.416000000), (0.000000567, 88.064000000), (0.000000569, 45.820000000), (0.000000646, 87.344000000), (0.000000558, 47.824000000), (0.000000601, 84.416000000), (0.000000582, 49.652000000), (0.000000602, 79.228000000), (0.000000480, 40.404000000), (0.000000717, 87.668000000), (0.000000678, 42.416000000), (0.000000681, 88.064000000), (0.000000553, 45.820000000), (0.000000651, 87.344000000), (0.000000607, 47.824000000), (0.000000736, 84.416000000), (0.000000712, 49.652000000), (0.000000757, 79.228000000), (0.000000490, 40.404000000), (0.000000662, 87.668000000), (0.000000503, 42.416000000), (0.000000571, 88.064000000), (0.000000517, 45.820000000), (0.000000604, 87.344000000), (0.000000534, 47.824000000), (0.000000589, 84.416000000), (0.000000534, 49.652000000), (0.000000587, 79.228000000), (0.000000479, 40.404000000), (0.000000577, 87.668000000), (0.000000482, 42.416000000), (0.000000553, 88.064000000), (0.000000497, 45.820000000), (0.000000566, 87.344000000), (0.000000518, 47.824000000), (0.000000581, 84.416000000), (0.000000530, 49.652000000), (0.000000587, 79.228000000), (0.000000471, 40.404000000), (0.000000583, 87.668000000), (0.000000490, 42.416000000), (0.000000559, 88.064000000), (0.000000509, 45.820000000), (0.000000559, 87.344000000), (0.000000507, 47.824000000), (0.000000605, 84.416000000), (0.000000533, 49.652000000), (0.000000615, 79.228000000), (0.000000478, 40.404000000), (0.000000618, 87.668000000), (0.000000505, 42.416000000), (0.000000583, 88.064000000), (0.000000542, 45.820000000), (0.000000593, 87.344000000), (0.000000540, 47.824000000), (0.000000593, 84.416000000), (0.000000551, 49.652000000), (0.000000608, 79.228000000)],
"best_19":[(0.000001003, 39.888000000), (0.000001151, 83.388000000), (0.000000756, 40.948000000), (0.000000920, 88.456000000), (0.000000951, 42.616000000), (0.000000834, 89.976000000), (0.000000802, 43.524000000), (0.000000793, 87.208000000), (0.000000720, 45.136000000), (0.000000795, 89.584000000), (0.000000630, 39.888000000), (0.000000739, 83.388000000), (0.000000585, 40.948000000), (0.000000674, 88.456000000), (0.000000587, 42.616000000), (0.000000668, 89.976000000), (0.000000635, 43.524000000), (0.000000681, 87.208000000), (0.000000623, 45.136000000), (0.000000741, 89.584000000), (0.000000594, 39.888000000), (0.000000701, 83.388000000), (0.000000576, 40.948000000), (0.000000652, 88.456000000), (0.000000619, 42.616000000), (0.000000681, 89.976000000), (0.000000658, 43.524000000), (0.000000714, 87.208000000), (0.000000664, 45.136000000), (0.000000683, 89.584000000), (0.000000584, 39.888000000), (0.000000765, 83.388000000), (0.000000613, 40.948000000), (0.000000698, 88.456000000), (0.000000602, 42.616000000), (0.000000715, 89.976000000), (0.000000635, 43.524000000), (0.000000705, 87.208000000), (0.000000633, 45.136000000), (0.000000706, 89.584000000), (0.000000605, 39.888000000), (0.000000784, 83.388000000), (0.000000723, 40.948000000), (0.000000858, 88.456000000), (0.000000795, 42.616000000), (0.000000840, 89.976000000), (0.000000720, 43.524000000), (0.000000727, 87.208000000), (0.000000638, 45.136000000), (0.000000695, 89.584000000), (0.000000572, 39.888000000), (0.000000718, 83.388000000), (0.000000581, 40.948000000), (0.000000696, 88.456000000), (0.000000598, 42.616000000), (0.000000684, 89.976000000), (0.000000604, 43.524000000), (0.000000672, 87.208000000), (0.000000625, 45.136000000), (0.000000699, 89.584000000), (0.000000562, 39.888000000), (0.000000708, 83.388000000), (0.000000581, 40.948000000), (0.000000669, 88.456000000), (0.000000586, 42.616000000), (0.000000686, 89.976000000), (0.000000610, 43.524000000), (0.000000708, 87.208000000), (0.000000623, 45.136000000), (0.000000688, 89.584000000), (0.000000747, 39.888000000), (0.000000826, 83.388000000), (0.000000626, 40.948000000), (0.000000704, 88.456000000), (0.000000614, 42.616000000), (0.000000704, 89.976000000), (0.000000631, 43.524000000), (0.000000723, 87.208000000), (0.000000795, 45.136000000), (0.000000785, 89.584000000), (0.000000612, 39.888000000), (0.000000756, 83.388000000), (0.000000652, 40.948000000), (0.000000718, 88.456000000), (0.000000630, 42.616000000), (0.000000702, 89.976000000), (0.000000623, 43.524000000), (0.000000691, 87.208000000), (0.000000641, 45.136000000), (0.000000714, 89.584000000), (0.000000608, 39.888000000), (0.000000749, 83.388000000), (0.000000611, 40.948000000), (0.000000722, 88.456000000), (0.000000621, 42.616000000), (0.000000703, 89.976000000), (0.000000632, 43.524000000), (0.000000716, 87.208000000), (0.000000638, 45.136000000), (0.000000701, 89.584000000)],
"best_20":[(0.000000998, 39.572000000), (0.000001131, 83.568000000), (0.000001101, 40.212000000), (0.000001063, 87.268000000), (0.000000797, 40.964000000), (0.000000928, 88.896000000), (0.000000790, 41.480000000), (0.000000814, 89.240000000), (0.000000752, 42.304000000), (0.000000829, 88.520000000), (0.000000842, 39.572000000), (0.000001038, 83.568000000), (0.000000845, 40.212000000), (0.000000891, 87.268000000), (0.000000721, 40.964000000), (0.000000879, 88.896000000), (0.000000842, 41.480000000), (0.000000848, 89.240000000), (0.000000734, 42.304000000), (0.000000791, 88.520000000), (0.000000700, 39.572000000), (0.000000821, 83.568000000), (0.000000679, 40.212000000), (0.000000799, 87.268000000), (0.000000684, 40.964000000), (0.000000795, 88.896000000), (0.000000699, 41.480000000), (0.000000796, 89.240000000), (0.000000715, 42.304000000), (0.000000778, 88.520000000), (0.000000708, 39.572000000), (0.000000894, 83.568000000), (0.000000711, 40.212000000), (0.000000839, 87.268000000), (0.000000757, 40.964000000), (0.000000914, 88.896000000), (0.000000789, 41.480000000), (0.000000824, 89.240000000), (0.000000786, 42.304000000), (0.000000842, 88.520000000), (0.000000706, 39.572000000), (0.000000852, 83.568000000), (0.000000697, 40.212000000), (0.000000776, 87.268000000), (0.000000691, 40.964000000), (0.000000774, 88.896000000), (0.000000700, 41.480000000), (0.000000784, 89.240000000), (0.000000720, 42.304000000), (0.000000780, 88.520000000), (0.000000739, 39.572000000), (0.000000868, 83.568000000), (0.000000686, 40.212000000), (0.000000827, 87.268000000), (0.000000695, 40.964000000), (0.000000785, 88.896000000), (0.000000698, 41.480000000), (0.000000776, 89.240000000), (0.000000744, 42.304000000), (0.000000798, 88.520000000), (0.000000725, 39.572000000), (0.000000993, 83.568000000), (0.000000749, 40.212000000), (0.000000819, 87.268000000), (0.000000716, 40.964000000), (0.000000812, 88.896000000), (0.000000803, 41.480000000), (0.000000893, 89.240000000), (0.000000732, 42.304000000), (0.000000822, 88.520000000), (0.000000733, 39.572000000), (0.000000858, 83.568000000), (0.000000688, 40.212000000), (0.000000792, 87.268000000), (0.000000717, 40.964000000), (0.000000815, 88.896000000), (0.000000737, 41.480000000), (0.000000802, 89.240000000), (0.000000756, 42.304000000), (0.000000794, 88.520000000), (0.000000714, 39.572000000), (0.000000855, 83.568000000), (0.000000705, 40.212000000), (0.000000792, 87.268000000), (0.000000683, 40.964000000), (0.000000785, 88.896000000), (0.000000699, 41.480000000), (0.000000812, 89.240000000), (0.000000696, 42.304000000), (0.000000782, 88.520000000), (0.000000738, 39.572000000), (0.000000876, 83.568000000), (0.000000688, 40.212000000), (0.000000805, 87.268000000), (0.000000689, 40.964000000), (0.000000798, 88.896000000), (0.000000694, 41.480000000), (0.000000789, 89.240000000), (0.000000718, 42.304000000), (0.000000771, 88.520000000)],
"best_21":[(0.000001283, 39.520000000), (0.000001380, 82.020000000), (0.000000993, 39.744000000), (0.000001025, 85.252000000), (0.000000977, 40.060000000), (0.000000986, 86.244000000), (0.000000871, 40.360000000), (0.000000957, 87.876000000), (0.000000863, 40.616000000), (0.000000910, 89.336000000), (0.000000824, 39.520000000), (0.000000978, 82.020000000), (0.000000824, 39.744000000), (0.000000992, 85.252000000), (0.000001009, 40.060000000), (0.000001046, 86.244000000), (0.000000893, 40.360000000), (0.000000958, 87.876000000), (0.000000838, 40.616000000), (0.000000943, 89.336000000), (0.000000835, 39.520000000), (0.000001033, 82.020000000), (0.000000812, 39.744000000), (0.000000900, 85.252000000), (0.000000801, 40.060000000), (0.000000873, 86.244000000), (0.000000797, 40.360000000), (0.000000902, 87.876000000), (0.000000794, 40.616000000), (0.000000874, 89.336000000), (0.000000820, 39.520000000), (0.000001029, 82.020000000), (0.000000805, 39.744000000), (0.000000919, 85.252000000), (0.000000809, 40.060000000), (0.000000944, 86.244000000), (0.000000794, 40.360000000), (0.000001035, 87.876000000), (0.000000879, 40.616000000), (0.000000958, 89.336000000), (0.000000822, 39.520000000), (0.000001061, 82.020000000), (0.000000838, 39.744000000), (0.000000936, 85.252000000), (0.000000819, 40.060000000), (0.000000975, 86.244000000), (0.000001075, 40.360000000), (0.000001014, 87.876000000), (0.000000886, 40.616000000), (0.000000934, 89.336000000), (0.000000928, 39.520000000), (0.000001071, 82.020000000), (0.000000851, 39.744000000), (0.000000926, 85.252000000), (0.000000815, 40.060000000), (0.000000943, 86.244000000), (0.000000821, 40.360000000), (0.000000906, 87.876000000), (0.000000818, 40.616000000), (0.000000890, 89.336000000), (0.000000909, 39.520000000), (0.000001114, 82.020000000), (0.000000868, 39.744000000), (0.000001126, 85.252000000), (0.000000895, 40.060000000), (0.000000975, 86.244000000), (0.000000909, 40.360000000), (0.000001045, 87.876000000), (0.000000916, 40.616000000), (0.000001063, 89.336000000), (0.000000848, 39.520000000), (0.000001037, 82.020000000), (0.000000949, 39.744000000), (0.000001025, 85.252000000), (0.000000867, 40.060000000), (0.000000992, 86.244000000), (0.000000890, 40.360000000), (0.000000975, 87.876000000), (0.000000891, 40.616000000), (0.000000960, 89.336000000), (0.000000861, 39.520000000), (0.000001088, 82.020000000), (0.000000854, 39.744000000), (0.000000932, 85.252000000), (0.000000812, 40.060000000), (0.000000973, 86.244000000), (0.000000840, 40.360000000), (0.000000910, 87.876000000), (0.000000843, 40.616000000), (0.000000918, 89.336000000), (0.000000829, 39.520000000), (0.000001047, 82.020000000), (0.000000879, 39.744000000), (0.000001001, 85.252000000), (0.000000877, 40.060000000), (0.000000955, 86.244000000), (0.000000913, 40.360000000), (0.000000961, 87.876000000), (0.000000907, 40.616000000), (0.000000998, 89.336000000)],
"best_22":[(0.000001432, 39.436000000), (0.000001495, 83.540000000), (0.000001052, 39.548000000), (0.000001131, 83.152000000), (0.000001073, 39.656000000), (0.000001278, 85.584000000), (0.000001257, 39.876000000), (0.000001224, 84.912000000), (0.000001059, 40.064000000), (0.000001096, 85.116000000), (0.000000989, 39.436000000), (0.000001166, 83.540000000), (0.000000940, 39.548000000), (0.000001056, 83.152000000), (0.000000932, 39.656000000), (0.000001068, 85.584000000), (0.000000952, 39.876000000), (0.000001036, 84.912000000), (0.000000952, 40.064000000), (0.000000996, 85.116000000), (0.000001152, 39.436000000), (0.000001450, 83.540000000), (0.000001291, 39.548000000), (0.000001344, 83.152000000), (0.000001114, 39.656000000), (0.000001194, 85.584000000), (0.000001188, 39.876000000), (0.000001273, 84.912000000), (0.000001079, 40.064000000), (0.000001246, 85.116000000), (0.000000935, 39.436000000), (0.000001181, 83.540000000), (0.000000946, 39.548000000), (0.000001085, 83.152000000), (0.000001165, 39.656000000), (0.000001255, 85.584000000), (0.000001025, 39.876000000), (0.000001082, 84.912000000), (0.000000953, 40.064000000), (0.000001011, 85.116000000), (0.000001007, 39.436000000), (0.000001164, 83.540000000), (0.000000922, 39.548000000), (0.000001012, 83.152000000), (0.000000961, 39.656000000), (0.000001027, 85.584000000), (0.000000910, 39.876000000), (0.000000999, 84.912000000), (0.000000910, 40.064000000), (0.000000988, 85.116000000), (0.000000980, 39.436000000), (0.000001385, 83.540000000), (0.000001075, 39.548000000), (0.000001151, 83.152000000), (0.000001028, 39.656000000), (0.000001089, 85.584000000), (0.000000955, 39.876000000), (0.000001034, 84.912000000), (0.000000945, 40.064000000), (0.000001008, 85.116000000), (0.000000959, 39.436000000), (0.000001153, 83.540000000), (0.000000912, 39.548000000), (0.000001036, 83.152000000), (0.000000903, 39.656000000), (0.000001005, 85.584000000), (0.000000911, 39.876000000), (0.000000997, 84.912000000), (0.000000903, 40.064000000), (0.000001024, 85.116000000), (0.000000967, 39.436000000), (0.000001170, 83.540000000), (0.000000932, 39.548000000), (0.000001068, 83.152000000), (0.000000940, 39.656000000), (0.000001023, 85.584000000), (0.000000912, 39.876000000), (0.000001006, 84.912000000), (0.000001048, 40.064000000), (0.000001229, 85.116000000), (0.000001114, 39.436000000), (0.000001491, 83.540000000), (0.000001327, 39.548000000), (0.000001477, 83.152000000), (0.000001488, 39.656000000), (0.000001545, 85.584000000), (0.000001256, 39.876000000), (0.000001165, 84.912000000), (0.000001016, 40.064000000), (0.000001077, 85.116000000), (0.000001081, 39.436000000), (0.000001224, 83.540000000), (0.000000975, 39.548000000), (0.000001068, 83.152000000), (0.000000949, 39.656000000), (0.000001089, 85.584000000), (0.000000961, 39.876000000), (0.000001011, 84.912000000), (0.000000915, 40.064000000), (0.000000998, 85.116000000)],
"best_23":[(0.000001473, 39.396000000), (0.000001659, 80.920000000), (0.000001466, 39.408000000), (0.000001376, 82.024000000), (0.000001173, 39.472000000), (0.000001318, 81.340000000), (0.000001211, 39.768000000), (0.000001276, 82.644000000), (0.000001160, 39.616000000), (0.000001221, 83.256000000), (0.000001101, 39.396000000), (0.000001623, 80.920000000), (0.000001309, 39.408000000), (0.000001247, 82.024000000), (0.000001049, 39.472000000), (0.000001219, 81.340000000), (0.000001258, 39.768000000), (0.000001371, 82.644000000), (0.000001160, 39.616000000), (0.000001225, 83.256000000), (0.000001134, 39.396000000), (0.000001342, 80.920000000), (0.000001060, 39.408000000), (0.000001222, 82.024000000), (0.000001074, 39.472000000), (0.000001115, 81.340000000), (0.000001029, 39.768000000), (0.000001146, 82.644000000), (0.000001091, 39.616000000), (0.000001241, 83.256000000), (0.000001099, 39.396000000), (0.000001349, 80.920000000), (0.000001072, 39.408000000), (0.000001279, 82.024000000), (0.000001085, 39.472000000), (0.000001181, 81.340000000), (0.000001041, 39.768000000), (0.000001160, 82.644000000), (0.000001133, 39.616000000), (0.000001234, 83.256000000), (0.000001140, 39.396000000), (0.000001365, 80.920000000), (0.000001050, 39.408000000), (0.000001197, 82.024000000), (0.000001252, 39.472000000), (0.000001231, 81.340000000), (0.000001084, 39.768000000), (0.000001184, 82.644000000), (0.000001033, 39.616000000), (0.000001112, 83.256000000), (0.000001129, 39.396000000), (0.000001322, 80.920000000), (0.000001030, 39.408000000), (0.000001179, 82.024000000), (0.000001030, 39.472000000), (0.000001123, 81.340000000), (0.000001030, 39.768000000), (0.000001163, 82.644000000), (0.000001058, 39.616000000), (0.000001139, 83.256000000), (0.000001099, 39.396000000), (0.000001373, 80.920000000), (0.000001063, 39.408000000), (0.000001206, 82.024000000), (0.000001067, 39.472000000), (0.000001176, 81.340000000), (0.000001045, 39.768000000), (0.000001159, 82.644000000), (0.000001045, 39.616000000), (0.000001131, 83.256000000), (0.000001135, 39.396000000), (0.000001343, 80.920000000), (0.000001053, 39.408000000), (0.000001225, 82.024000000), (0.000001237, 39.472000000), (0.000001252, 81.340000000), (0.000001134, 39.768000000), (0.000001296, 82.644000000), (0.000001294, 39.616000000), (0.000001325, 83.256000000), (0.000001234, 39.396000000), (0.000001382, 80.920000000), (0.000001060, 39.408000000), (0.000001222, 82.024000000), (0.000001038, 39.472000000), (0.000001146, 81.340000000), (0.000001042, 39.768000000), (0.000001124, 82.644000000), (0.000001022, 39.616000000), (0.000001179, 83.256000000), (0.000001236, 39.396000000), (0.000001458, 80.920000000), (0.000001121, 39.408000000), (0.000001259, 82.024000000), (0.000001064, 39.472000000), (0.000001194, 81.340000000), (0.000001054, 39.768000000), (0.000001152, 82.644000000), (0.000001063, 39.616000000), (0.000001147, 83.256000000)],
"best_24":[(0.000001926, 39.372000000), (0.000002315, 81.992000000), (0.000001815, 39.392000000), (0.000002110, 81.200000000), (0.000001693, 39.492000000), (0.000001829, 80.004000000), (0.000001689, 39.472000000), (0.000001816, 81.600000000), (0.000001639, 39.660000000), (0.000001629, 82.896000000), (0.000001460, 39.372000000), (0.000001821, 81.992000000), (0.000001394, 39.392000000), (0.000001604, 81.200000000), (0.000001577, 39.492000000), (0.000001851, 80.004000000), (0.000001582, 39.472000000), (0.000001801, 81.600000000), (0.000001637, 39.660000000), (0.000001656, 82.896000000), (0.000001393, 39.372000000), (0.000001672, 81.992000000), (0.000001352, 39.392000000), (0.000001673, 81.200000000), (0.000001440, 39.492000000), (0.000001550, 80.004000000), (0.000001363, 39.472000000), (0.000001492, 81.600000000), (0.000001394, 39.660000000), (0.000001464, 82.896000000), (0.000001286, 39.372000000), (0.000001556, 81.992000000), (0.000001189, 39.392000000), (0.000001414, 81.200000000), (0.000001160, 39.492000000), (0.000001292, 80.004000000), (0.000001172, 39.472000000), (0.000001421, 81.600000000), (0.000001551, 39.660000000), (0.000001700, 82.896000000), (0.000001512, 39.372000000), (0.000001652, 81.992000000), (0.000001193, 39.392000000), (0.000001442, 81.200000000), (0.000001306, 39.492000000), (0.000001406, 80.004000000), (0.000001242, 39.472000000), (0.000001364, 81.600000000), (0.000001213, 39.660000000), (0.000001342, 82.896000000), (0.000001277, 39.372000000), (0.000001574, 81.992000000), (0.000001182, 39.392000000), (0.000001353, 81.200000000), (0.000001172, 39.492000000), (0.000001307, 80.004000000), (0.000001158, 39.472000000), (0.000001291, 81.600000000), (0.000001362, 39.660000000), (0.000001393, 82.896000000), (0.000001256, 39.372000000), (0.000001534, 81.992000000), (0.000001195, 39.392000000), (0.000001396, 81.200000000), (0.000001270, 39.492000000), (0.000001484, 80.004000000), (0.000001298, 39.472000000), (0.000001359, 81.600000000), (0.000001211, 39.660000000), (0.000001281, 82.896000000), (0.000001392, 39.372000000), (0.000001625, 81.992000000), (0.000001248, 39.392000000), (0.000001440, 81.200000000), (0.000001198, 39.492000000), (0.000001346, 80.004000000), (0.000001173, 39.472000000), (0.000001336, 81.600000000), (0.000001169, 39.660000000), (0.000001293, 82.896000000), (0.000001285, 39.372000000), (0.000001586, 81.992000000), (0.000001199, 39.392000000), (0.000001408, 81.200000000), (0.000001193, 39.492000000), (0.000001341, 80.004000000), (0.000001175, 39.472000000), (0.000001276, 81.600000000), (0.000001128, 39.660000000), (0.000001266, 82.896000000), (0.000001303, 39.372000000), (0.000001589, 81.992000000), (0.000001226, 39.392000000), (0.000001406, 81.200000000), (0.000001192, 39.492000000), (0.000001392, 80.004000000), (0.000001226, 39.472000000), (0.000001297, 81.600000000), (0.000001218, 39.660000000), (0.000001238, 82.896000000)],
"best_25":[(0.000001820, 39.460000000), (0.000002218, 79.708000000), (0.000001552, 39.368000000), (0.000001847, 81.684000000), (0.000001570, 39.424000000), (0.000001653, 81.468000000), (0.000001444, 39.424000000), (0.000001593, 80.104000000), (0.000001428, 39.460000000), (0.000001560, 82.064000000), (0.000001526, 39.460000000), (0.000001872, 79.708000000), (0.000001405, 39.368000000), (0.000001637, 81.684000000), (0.000001386, 39.424000000), (0.000001563, 81.468000000), (0.000001361, 39.424000000), (0.000001560, 80.104000000), (0.000001337, 39.460000000), (0.000001543, 82.064000000), (0.000001499, 39.460000000), (0.000001835, 79.708000000), (0.000001372, 39.368000000), (0.000001593, 81.684000000), (0.000001377, 39.424000000), (0.000001521, 81.468000000), (0.000001353, 39.424000000), (0.000001489, 80.104000000), (0.000001336, 39.460000000), (0.000001513, 82.064000000), (0.000001535, 39.460000000), (0.000001827, 79.708000000), (0.000001382, 39.368000000), (0.000001604, 81.684000000), (0.000001375, 39.424000000), (0.000001538, 81.468000000), (0.000001508, 39.424000000), (0.000001480, 80.104000000), (0.000001326, 39.460000000), (0.000001479, 82.064000000), (0.000001471, 39.460000000), (0.000001808, 79.708000000), (0.000001355, 39.368000000), (0.000001897, 81.684000000), (0.000001500, 39.424000000), (0.000001578, 81.468000000), (0.000001428, 39.424000000), (0.000001629, 80.104000000), (0.000001748, 39.460000000), (0.000001786, 82.064000000), (0.000001544, 39.460000000), (0.000001775, 79.708000000), (0.000001360, 39.368000000), (0.000001612, 81.684000000), (0.000001369, 39.424000000), (0.000001555, 81.468000000), (0.000001387, 39.424000000), (0.000001526, 80.104000000), (0.000001350, 39.460000000), (0.000001912, 82.064000000), (0.000001454, 39.460000000), (0.000001833, 79.708000000), (0.000001361, 39.368000000), (0.000001561, 81.684000000), (0.000001308, 39.424000000), (0.000001486, 81.468000000), (0.000001324, 39.424000000), (0.000001517, 80.104000000), (0.000001753, 39.460000000), (0.000001585, 82.064000000), (0.000001464, 39.460000000), (0.000001893, 79.708000000), (0.000001400, 39.368000000), (0.000001572, 81.684000000), (0.000001354, 39.424000000), (0.000001498, 81.468000000), (0.000001377, 39.424000000), (0.000001481, 80.104000000), (0.000001335, 39.460000000), (0.000001456, 82.064000000), (0.000001506, 39.460000000), (0.000001840, 79.708000000), (0.000001370, 39.368000000), (0.000001576, 81.684000000), (0.000001345, 39.424000000), (0.000001525, 81.468000000), (0.000001351, 39.424000000), (0.000001486, 80.104000000), (0.000001382, 39.460000000), (0.000001474, 82.064000000), (0.000001528, 39.460000000), (0.000001828, 79.708000000), (0.000001338, 39.368000000), (0.000001629, 81.684000000), (0.000001336, 39.424000000), (0.000001542, 81.468000000), (0.000001328, 39.424000000), (0.000001486, 80.104000000), (0.000001338, 39.460000000), (0.000001451, 82.064000000)],
"worst_10":[(0.000001120, 56.712000000), (0.000000727, 83.496000000), (0.000000760, 63.720000000), (0.000000378, 41.360000000), (0.000000332, 79.072000000), (0.000000091, 6.932000000), (0.000000321, 79.320000000), (0.000000114, 6.700000000), (0.000000310, 78.900000000), (0.000000098, 9.000000000), (0.000000528, 56.712000000), (0.000000529, 83.496000000), (0.000000437, 63.720000000), (0.000000272, 41.360000000), (0.000000328, 79.072000000), (0.000000087, 6.932000000), (0.000000275, 79.320000000), (0.000000076, 6.700000000), (0.000000302, 78.900000000), (0.000000087, 9.000000000), (0.000000464, 56.712000000), (0.000000430, 83.496000000), (0.000000401, 63.720000000), (0.000000258, 41.360000000), (0.000000272, 79.072000000), (0.000000082, 6.932000000), (0.000000258, 79.320000000), (0.000000075, 6.700000000), (0.000000261, 78.900000000), (0.000000085, 9.000000000), (0.000000402, 56.712000000), (0.000000415, 83.496000000), (0.000000398, 63.720000000), (0.000000243, 41.360000000), (0.000000274, 79.072000000), (0.000000080, 6.932000000), (0.000000262, 79.320000000), (0.000000067, 6.700000000), (0.000000248, 78.900000000), (0.000000080, 9.000000000), (0.000000363, 56.712000000), (0.000000391, 83.496000000), (0.000000365, 63.720000000), (0.000000245, 41.360000000), (0.000000270, 79.072000000), (0.000000083, 6.932000000), (0.000000243, 79.320000000), (0.000000071, 6.700000000), (0.000000242, 78.900000000), (0.000000085, 9.000000000), (0.000000361, 56.712000000), (0.000000379, 83.496000000), (0.000000353, 63.720000000), (0.000000237, 41.360000000), (0.000000265, 79.072000000), (0.000000078, 6.932000000), (0.000000240, 79.320000000), (0.000000071, 6.700000000), (0.000000239, 78.900000000), (0.000000078, 9.000000000), (0.000000350, 56.712000000), (0.000000370, 83.496000000), (0.000000365, 63.720000000), (0.000000235, 41.360000000), (0.000000260, 79.072000000), (0.000000077, 6.932000000), (0.000000238, 79.320000000), (0.000000067, 6.700000000), (0.000000239, 78.900000000), (0.000000080, 9.000000000), (0.000000330, 56.712000000), (0.000000375, 83.496000000), (0.000000345, 63.720000000), (0.000000238, 41.360000000), (0.000000258, 79.072000000), (0.000000076, 6.932000000), (0.000000272, 79.320000000), (0.000000070, 6.700000000), (0.000000243, 78.900000000), (0.000000081, 9.000000000), (0.000000321, 56.712000000), (0.000000379, 83.496000000), (0.000000332, 63.720000000), (0.000000222, 41.360000000), (0.000000250, 79.072000000), (0.000000073, 6.932000000), (0.000000240, 79.320000000), (0.000000062, 6.700000000), (0.000000234, 78.900000000), (0.000000079, 9.000000000), (0.000000311, 56.712000000), (0.000000353, 83.496000000), (0.000000322, 63.720000000), (0.000000221, 41.360000000), (0.000000245, 79.072000000), (0.000000075, 6.932000000), (0.000000232, 79.320000000), (0.000000064, 6.700000000), (0.000000231, 78.900000000), (0.000000091, 9.000000000)],
"worst_11":[(0.000000573, 46.584000000), (0.000000487, 92.648000000), (0.000000501, 56.180000000), (0.000000459, 82.120000000), (0.000000433, 60.144000000), (0.000000294, 55.824000000), (0.000000255, 79.416000000), (0.000000084, 7.408000000), (0.000000228, 79.400000000), (0.000000084, 8.548000000), (0.000000248, 79.572000000), (0.000000084, 8.524000000), (0.000000224, 79.572000000), (0.000000069, 6.900000000), (0.000000225, 79.116000000), (0.000000069, 7.556000000), (0.000000224, 79.272000000), (0.000000067, 5.952000000), (0.000000224, 79.084000000), (0.000000071, 7.036000000), (0.000000456, 46.584000000), (0.000000433, 92.648000000), (0.000000409, 56.180000000), (0.000000452, 82.120000000), (0.000000415, 60.144000000), (0.000000287, 55.824000000), (0.000000253, 79.416000000), (0.000000091, 7.408000000), (0.000000225, 79.400000000), (0.000000081, 8.548000000), (0.000000235, 79.572000000), (0.000000084, 8.524000000), (0.000000271, 79.572000000), (0.000000066, 6.900000000), (0.000000270, 79.116000000), (0.000000070, 7.556000000), (0.000000223, 79.272000000), (0.000000068, 5.952000000), (0.000000235, 79.084000000), (0.000000082, 7.036000000), (0.000000420, 46.584000000), (0.000000421, 92.648000000), (0.000000397, 56.180000000), (0.000000437, 82.120000000), (0.000000417, 60.144000000), (0.000000308, 55.824000000), (0.000000269, 79.416000000), (0.000000083, 7.408000000), (0.000000226, 79.400000000), (0.000000083, 8.548000000), (0.000000218, 79.572000000), (0.000000078, 8.524000000), (0.000000220, 79.572000000), (0.000000067, 6.900000000), (0.000000226, 79.116000000), (0.000000069, 7.556000000), (0.000000223, 79.272000000), (0.000000067, 5.952000000), (0.000000222, 79.084000000), (0.000000070, 7.036000000), (0.000000459, 46.584000000), (0.000000429, 92.648000000), (0.000000404, 56.180000000), (0.000000431, 82.120000000), (0.000000405, 60.144000000), (0.000000282, 55.824000000), (0.000000254, 79.416000000), (0.000000083, 7.408000000), (0.000000226, 79.400000000), (0.000000075, 8.548000000), (0.000000222, 79.572000000), (0.000000079, 8.524000000), (0.000000221, 79.572000000), (0.000000067, 6.900000000), (0.000000221, 79.116000000), (0.000000068, 7.556000000), (0.000000219, 79.272000000), (0.000000063, 5.952000000), (0.000000221, 79.084000000), (0.000000088, 7.036000000), (0.000000404, 46.584000000), (0.000000420, 92.648000000), (0.000000388, 56.180000000), (0.000000428, 82.120000000), (0.000000399, 60.144000000), (0.000000270, 55.824000000), (0.000000248, 79.416000000), (0.000000085, 7.408000000), (0.000000226, 79.400000000), (0.000000077, 8.548000000), (0.000000222, 79.572000000), (0.000000080, 8.524000000), (0.000000219, 79.572000000), (0.000000064, 6.900000000), (0.000000220, 79.116000000), (0.000000070, 7.556000000), (0.000000221, 79.272000000), (0.000000089, 5.952000000), (0.000000220, 79.084000000), (0.000000071, 7.036000000)],
"worst_12":[(0.000000753, 41.596000000), (0.000000615, 97.836000000), (0.000001090, 48.900000000), (0.000001017, 93.916000000), (0.000000776, 53.152000000), (0.000000684, 90.560000000), (0.000000719, 54.652000000), (0.000000636, 87.956000000), (0.000000583, 55.344000000), (0.000000593, 83.632000000), (0.000000520, 41.596000000), (0.000000659, 97.836000000), (0.000000624, 48.900000000), (0.000000723, 93.916000000), (0.000000630, 53.152000000), (0.000000604, 90.560000000), (0.000000564, 54.652000000), (0.000000587, 87.956000000), (0.000000565, 55.344000000), (0.000000603, 83.632000000), (0.000000492, 41.596000000), (0.000000534, 97.836000000), (0.000000564, 48.900000000), (0.000000560, 93.916000000), (0.000000579, 53.152000000), (0.000000729, 90.560000000), (0.000000626, 54.652000000), (0.000000752, 87.956000000), (0.000000705, 55.344000000), (0.000000680, 83.632000000), (0.000000518, 41.596000000), (0.000000596, 97.836000000), (0.000000580, 48.900000000), (0.000000623, 93.916000000), (0.000000597, 53.152000000), (0.000000615, 90.560000000), (0.000000650, 54.652000000), (0.000000637, 87.956000000), (0.000000605, 55.344000000), (0.000000635, 83.632000000), (0.000000524, 41.596000000), (0.000000563, 97.836000000), (0.000000559, 48.900000000), (0.000000572, 93.916000000), (0.000000587, 53.152000000), (0.000000813, 90.560000000), (0.000000701, 54.652000000), (0.000000659, 87.956000000), (0.000000620, 55.344000000), (0.000000630, 83.632000000), (0.000000537, 41.596000000), (0.000000582, 97.836000000), (0.000000565, 48.900000000), (0.000000581, 93.916000000), (0.000000585, 53.152000000), (0.000000612, 90.560000000), (0.000000918, 54.652000000), (0.000000783, 87.956000000), (0.000000676, 55.344000000), (0.000000655, 83.632000000), (0.000000598, 41.596000000), (0.000000584, 97.836000000), (0.000000593, 48.900000000), (0.000000596, 93.916000000), (0.000000586, 53.152000000), (0.000000607, 90.560000000), (0.000000607, 54.652000000), (0.000000613, 87.956000000), (0.000000626, 55.344000000), (0.000000652, 83.632000000), (0.000000571, 41.596000000), (0.000000595, 97.836000000), (0.000000587, 48.900000000), (0.000000594, 93.916000000), (0.000000619, 53.152000000), (0.000000616, 90.560000000), (0.000000605, 54.652000000), (0.000000643, 87.956000000), (0.000000623, 55.344000000), (0.000000704, 83.632000000), (0.000000571, 41.596000000), (0.000000592, 97.836000000), (0.000000581, 48.900000000), (0.000000604, 93.916000000), (0.000000599, 53.152000000), (0.000000618, 90.560000000), (0.000000632, 54.652000000), (0.000000658, 87.956000000), (0.000000636, 55.344000000), (0.000000648, 83.632000000), (0.000000572, 41.596000000), (0.000000581, 97.836000000), (0.000000619, 48.900000000), (0.000000608, 93.916000000), (0.000000616, 53.152000000), (0.000000615, 90.560000000), (0.000000634, 54.652000000), (0.000000644, 87.956000000), (0.000000774, 55.344000000), (0.000000697, 83.632000000)],
"worst_13":[(0.000001223, 39.924000000), (0.000001209, 101.872000000), (0.000001159, 43.216000000), (0.000000936, 100.776000000), (0.000001204, 45.068000000), (0.000001239, 97.996000000), (0.000001344, 46.156000000), (0.000000975, 97.088000000), (0.000001024, 48.132000000), (0.000000928, 96.972000000), (0.000001022, 39.924000000), (0.000000886, 101.872000000), (0.000000979, 43.216000000), (0.000000893, 100.776000000), (0.000000926, 45.068000000), (0.000000872, 97.996000000), (0.000000980, 46.156000000), (0.000000952, 97.088000000), (0.000001001, 48.132000000), (0.000000931, 96.972000000), (0.000000997, 39.924000000), (0.000000914, 101.872000000), (0.000000880, 43.216000000), (0.000000856, 100.776000000), (0.000000893, 45.068000000), (0.000000860, 97.996000000), (0.000000934, 46.156000000), (0.000000903, 97.088000000), (0.000001343, 48.132000000), (0.000000996, 96.972000000), (0.000000938, 39.924000000), (0.000000845, 101.872000000), (0.000000890, 43.216000000), (0.000000837, 100.776000000), (0.000000864, 45.068000000), (0.000000993, 97.996000000), (0.000000985, 46.156000000), (0.000000906, 97.088000000), (0.000000914, 48.132000000), (0.000000924, 96.972000000), (0.000000896, 39.924000000), (0.000000815, 101.872000000), (0.000000849, 43.216000000), (0.000000824, 100.776000000), (0.000000922, 45.068000000), (0.000000870, 97.996000000), (0.000000898, 46.156000000), (0.000000854, 97.088000000), (0.000000896, 48.132000000), (0.000000878, 96.972000000), (0.000001067, 39.924000000), (0.000001066, 101.872000000), (0.000001045, 43.216000000), (0.000000912, 100.776000000), (0.000000918, 45.068000000), (0.000000891, 97.996000000), (0.000000902, 46.156000000), (0.000000864, 97.088000000), (0.000000871, 48.132000000), (0.000000884, 96.972000000), (0.000000918, 39.924000000), (0.000000825, 101.872000000), (0.000000867, 43.216000000), (0.000000823, 100.776000000), (0.000000869, 45.068000000), (0.000000843, 97.996000000), (0.000000895, 46.156000000), (0.000000983, 97.088000000), (0.000001026, 48.132000000), (0.000000925, 96.972000000), (0.000000937, 39.924000000), (0.000000865, 101.872000000), (0.000000911, 43.216000000), (0.000000889, 100.776000000), (0.000000939, 45.068000000), (0.000000883, 97.996000000), (0.000000919, 46.156000000), (0.000000883, 97.088000000), (0.000000999, 48.132000000), (0.000001145, 96.972000000), (0.000000960, 39.924000000), (0.000000907, 101.872000000), (0.000000879, 43.216000000), (0.000000914, 100.776000000), (0.000000910, 45.068000000), (0.000000871, 97.996000000), (0.000000904, 46.156000000), (0.000000883, 97.088000000), (0.000000919, 48.132000000), (0.000000941, 96.972000000), (0.000000930, 39.924000000), (0.000000855, 101.872000000), (0.000000878, 43.216000000), (0.000000873, 100.776000000), (0.000000886, 45.068000000), (0.000000888, 97.996000000), (0.000000893, 46.156000000), (0.000000925, 97.088000000), (0.000000968, 48.132000000), (0.000001037, 96.972000000)],
"worst_14":[(0.000001793, 43.204000000), (0.000001395, 98.780000000), (0.000001179, 44.400000000), (0.000001102, 97.936000000), (0.000001127, 45.308000000), (0.000000574, 60.064000000), (0.000000324, 79.480000000), (0.000000091, 6.816000000), (0.000000216, 79.092000000), (0.000000067, 5.496000000), (0.000001288, 43.204000000), (0.000001046, 98.780000000), (0.000001047, 44.400000000), (0.000000905, 97.936000000), (0.000000943, 45.308000000), (0.000000509, 60.064000000), (0.000000367, 79.480000000), (0.000000092, 6.816000000), (0.000000213, 79.092000000), (0.000000064, 5.496000000), (0.000001089, 43.204000000), (0.000000997, 98.780000000), (0.000001018, 44.400000000), (0.000000919, 97.936000000), (0.000000988, 45.308000000), (0.000000518, 60.064000000), (0.000000319, 79.480000000), (0.000000093, 6.816000000), (0.000000215, 79.092000000), (0.000000060, 5.496000000), (0.000001289, 43.204000000), (0.000001010, 98.780000000), (0.000001043, 44.400000000), (0.000000923, 97.936000000), (0.000001007, 45.308000000), (0.000000514, 60.064000000), (0.000000322, 79.480000000), (0.000000092, 6.816000000), (0.000000216, 79.092000000), (0.000000059, 5.496000000), (0.000001110, 43.204000000), (0.000000946, 98.780000000), (0.000000999, 44.400000000), (0.000000907, 97.936000000), (0.000000956, 45.308000000), (0.000000512, 60.064000000), (0.000000318, 79.480000000), (0.000000089, 6.816000000), (0.000000218, 79.092000000), (0.000000060, 5.496000000), (0.000001098, 43.204000000), (0.000000939, 98.780000000), (0.000000990, 44.400000000), (0.000000885, 97.936000000), (0.000000934, 45.308000000), (0.000000507, 60.064000000), (0.000000315, 79.480000000), (0.000000090, 6.816000000), (0.000000217, 79.092000000), (0.000000061, 5.496000000), (0.000001097, 43.204000000), (0.000000968, 98.780000000), (0.000001015, 44.400000000), (0.000000888, 97.936000000), (0.000000958, 45.308000000), (0.000000503, 60.064000000), (0.000000309, 79.480000000), (0.000000092, 6.816000000), (0.000000218, 79.092000000), (0.000000062, 5.496000000), (0.000001100, 43.204000000), (0.000000992, 98.780000000), (0.000001184, 44.400000000), (0.000001041, 97.936000000), (0.000001113, 45.308000000), (0.000000557, 60.064000000), (0.000000312, 79.480000000), (0.000000093, 6.816000000), (0.000000218, 79.092000000), (0.000000061, 5.496000000), (0.000001087, 43.204000000), (0.000000943, 98.780000000), (0.000000985, 44.400000000), (0.000000884, 97.936000000), (0.000000937, 45.308000000), (0.000000505, 60.064000000), (0.000000309, 79.480000000), (0.000000091, 6.816000000), (0.000000221, 79.092000000), (0.000000060, 5.496000000), (0.000001126, 43.204000000), (0.000000946, 98.780000000), (0.000000998, 44.400000000), (0.000000894, 97.936000000), (0.000000943, 45.308000000), (0.000000504, 60.064000000), (0.000000324, 79.480000000), (0.000000090, 6.816000000), (0.000000256, 79.092000000), (0.000000065, 5.496000000)],
"worst_15":[(0.000001906, 39.508000000), (0.000001403, 104.664000000), (0.000001515, 39.596000000), (0.000001354, 103.312000000), (0.000001404, 39.908000000), (0.000001221, 101.608000000), (0.000001352, 40.368000000), (0.000001220, 103.620000000), (0.000001394, 40.596000000), (0.000001252, 101.856000000), (0.000001642, 39.508000000), (0.000001336, 104.664000000), (0.000001411, 39.596000000), (0.000001237, 103.312000000), (0.000001347, 39.908000000), (0.000001217, 101.608000000), (0.000001318, 40.368000000), (0.000001223, 103.620000000), (0.000001320, 40.596000000), (0.000001258, 101.856000000), (0.000001919, 39.508000000), (0.000001395, 104.664000000), (0.000001438, 39.596000000), (0.000001250, 103.312000000), (0.000001354, 39.908000000), (0.000001224, 101.608000000), (0.000001345, 40.368000000), (0.000001243, 103.620000000), (0.000001377, 40.596000000), (0.000001316, 101.856000000), (0.000001664, 39.508000000), (0.000001343, 104.664000000), (0.000001361, 39.596000000), (0.000001235, 103.312000000), (0.000001383, 39.908000000), (0.000001266, 101.608000000), (0.000001369, 40.368000000), (0.000001307, 103.620000000), (0.000001445, 40.596000000), (0.000001285, 101.856000000), (0.000001678, 39.508000000), (0.000001371, 104.664000000), (0.000001578, 39.596000000), (0.000001287, 103.312000000), (0.000001411, 39.908000000), (0.000001395, 101.608000000), (0.000001477, 40.368000000), (0.000001343, 103.620000000), (0.000001441, 40.596000000), (0.000001281, 101.856000000), (0.000001685, 39.508000000), (0.000001338, 104.664000000), (0.000001463, 39.596000000), (0.000001346, 103.312000000), (0.000001356, 39.908000000), (0.000001240, 101.608000000), (0.000001328, 40.368000000), (0.000001210, 103.620000000), (0.000001330, 40.596000000), (0.000001213, 101.856000000), (0.000001680, 39.508000000), (0.000001368, 104.664000000), (0.000001445, 39.596000000), (0.000001285, 103.312000000), (0.000001460, 39.908000000), (0.000001297, 101.608000000), (0.000001445, 40.368000000), (0.000001288, 103.620000000), (0.000001464, 40.596000000), (0.000001297, 101.856000000), (0.000001637, 39.508000000), (0.000001329, 104.664000000), (0.000001434, 39.596000000), (0.000001286, 103.312000000), (0.000001424, 39.908000000), (0.000001290, 101.608000000), (0.000001417, 40.368000000), (0.000001259, 103.620000000), (0.000001478, 40.596000000), (0.000001274, 101.856000000), (0.000001545, 39.508000000), (0.000001254, 104.664000000), (0.000001346, 39.596000000), (0.000001171, 103.312000000), (0.000001257, 39.908000000), (0.000001162, 101.608000000), (0.000001260, 40.368000000), (0.000001339, 103.620000000), (0.000001458, 40.596000000), (0.000001209, 101.856000000), (0.000001693, 39.508000000), (0.000001385, 104.664000000), (0.000001499, 39.596000000), (0.000001302, 103.312000000), (0.000001371, 39.908000000), (0.000001242, 101.608000000), (0.000001369, 40.368000000), (0.000001257, 103.620000000), (0.000001345, 40.596000000), (0.000001288, 101.856000000)],
"worst_16":[(0.000002571, 39.428000000), (0.000001886, 101.792000000), (0.000002016, 39.564000000), (0.000001790, 100.840000000), (0.000001935, 39.788000000), (0.000001700, 103.144000000), (0.000003415, 39.708000000), (0.000001786, 102.460000000), (0.000002031, 39.860000000), (0.000001591, 102.080000000), (0.000002237, 39.428000000), (0.000001728, 101.792000000), (0.000001940, 39.564000000), (0.000001634, 100.840000000), (0.000001817, 39.788000000), (0.000001642, 103.144000000), (0.000001848, 39.708000000), (0.000001611, 102.460000000), (0.000001825, 39.860000000), (0.000001646, 102.080000000), (0.000002108, 39.428000000), (0.000001763, 101.792000000), (0.000001799, 39.564000000), (0.000001561, 100.840000000), (0.000001755, 39.788000000), (0.000001568, 103.144000000), (0.000001718, 39.708000000), (0.000001518, 102.460000000), (0.000001711, 39.860000000), (0.000001488, 102.080000000), (0.000003695, 39.428000000), (0.000003473, 101.792000000), (0.000003853, 39.564000000), (0.000002982, 100.840000000), (0.000003518, 39.788000000), (0.000002875, 103.144000000), (0.000002584, 39.708000000), (0.000002270, 102.460000000), (0.000003223, 39.860000000), (0.000002653, 102.080000000), (0.000002174, 39.428000000), (0.000001707, 101.792000000), (0.000001814, 39.564000000), (0.000001579, 100.840000000), (0.000001771, 39.788000000), (0.000001564, 103.144000000), (0.000001731, 39.708000000), (0.000001530, 102.460000000), (0.000001714, 39.860000000), (0.000001533, 102.080000000), (0.000002180, 39.428000000), (0.000001726, 101.792000000), (0.000002264, 39.564000000), (0.000002064, 100.840000000), (0.000002166, 39.788000000), (0.000001912, 103.144000000), (0.000002004, 39.708000000), (0.000001855, 102.460000000), (0.000002056, 39.860000000), (0.000001863, 102.080000000), (0.000002194, 39.428000000), (0.000001763, 101.792000000), (0.000001935, 39.564000000), (0.000001613, 100.840000000), (0.000002010, 39.788000000), (0.000001821, 103.144000000), (0.000001980, 39.708000000), (0.000001774, 102.460000000), (0.000001958, 39.860000000), (0.000001700, 102.080000000), (0.000002260, 39.428000000), (0.000001724, 101.792000000), (0.000001815, 39.564000000), (0.000001647, 100.840000000), (0.000001865, 39.788000000), (0.000001601, 103.144000000), (0.000001797, 39.708000000), (0.000001593, 102.460000000), (0.000001761, 39.860000000), (0.000001546, 102.080000000), (0.000002147, 39.428000000), (0.000001724, 101.792000000), (0.000001785, 39.564000000), (0.000001560, 100.840000000), (0.000001737, 39.788000000), (0.000001859, 103.144000000), (0.000002142, 39.708000000), (0.000001736, 102.460000000), (0.000001920, 39.860000000), (0.000001619, 102.080000000), (0.000002198, 39.428000000), (0.000001869, 101.792000000), (0.000001976, 39.564000000), (0.000001729, 100.840000000), (0.000002002, 39.788000000), (0.000001771, 103.144000000), (0.000001976, 39.708000000), (0.000001736, 102.460000000), (0.000001986, 39.860000000), (0.000001737, 102.080000000)],
