"best_15":[(0.000000464, 0.000000000), (0.000000520, 0.000000000), (0.000000466, 0.000000000), (0.000000521, 0.000000000), (0.000000486, 0.000000000), (0.000000547, 0.000000000), (0.000000486, 0.000000000), (0.000000659, 0.000000000), (0.000000538, 0.000000000), (0.000000555, 0.000000000), (0.000000530, 0.000000000), (0.000000516, 0.000000000), (0.000000489, 0.000000000), (0.000000713, 0.000000000), (0.000000498, 0.000000000), (0.000000528, 0.000000000), (0.000000604, 0.000000000), (0.000000527, 0.000000000), (0.000000542, 0.000000000), (0.000000590, 0.000000000), (0.000000467, 0.000000000), (0.000000502, 0.000000000), (0.000000461, 0.000000000), (0.000000520, 0.000000000), (0.000000463, 0.000000000), (0.000000514, 0.000000000), (0.000000488, 0.000000000), (0.000000537, 0.000000000), (0.000000557, 0.000000000), (0.000000515, 0.000000000), (0.000000452, 0.000000000), (0.000000517, 0.000000000), (0.000000520, 0.000000000), (0.000000559, 0.000000000), (0.000000492, 0.000000000), (0.000000560, 0.000000000), (0.000000496, 0.000000000), (0.000000622, 0.000000000), (0.000000625, 0.000000000), (0.000000557, 0.000000000), (0.000000587, 0.000000000), (0.000000734, 0.000000000), (0.000000743, 0.000000000), (0.000000886, 0.000000000), (0.000000727, 0.000000000), (0.000000734, 0.000000000), (0.000000861, 0.000000000), (0.000000943, 0.000000000), (0.000000875, 0.000000000), (0.000000743, 0.000000000), (0.000000592, 0.000000000), (0.000000858, 0.000000000), (0.000000748, 0.000000000), (0.000000777, 0.000000000), (0.000000661, 0.000000000), (0.000000794, 0.000000000), (0.000000594, 0.000000000), (0.000000568, 0.000000000), (0.000000528, 0.000000000), (0.000000572, 0.000000000), (0.000000462, 0.000000000), (0.000000524, 0.000000000), (0.000000491, 0.000000000), (0.000000711, 0.000000000), (0.000000459, 0.000000000), (0.000000501, 0.000000000), (0.000000477, 0.000000000), (0.000000586, 0.000000000), (0.000000485, 0.000000000), (0.000000584, 0.000000000), (0.000000433, 0.000000000), (0.000000561, 0.000000000), (0.000000452, 0.000000000), (0.000000590, 0.000000000), (0.000000456, 0.000000000), (0.000000519, 0.000000000), (0.000000515, 0.000000000), (0.000000539, 0.000000000), (0.000000529, 0.000000000), (0.000000514, 0.000000000), (0.000000537, 0.000000000), (0.000000521, 0.000000000), (0.000000462, 0.000000000), (0.000000582, 0.000000000), (0.000000520, 0.000000000), (0.000000590, 0.000000000), (0.000000746, 0.000000000), (0.000000776, 0.000000000), (0.000000565, 0.000000000), (0.000000829, 0.000000000), (0.000000481, 0.000000000), (0.000000752, 0.000000000), (0.000000749, 0.000000000), (0.000000584, 0.000000000), (0.000000559, 0.000000000), (0.000000509, 0.000000000), (0.000000488, 0.000000000), (0.000000587, 0.000000000), (0.000000497, 0.000000000), (0.000000571, 0.000000000)],
"best_16":[(0.000000514, 0.000000000), (0.000000687, 0.000000000), (0.000000711, 0.000000000), (0.000000783, 0.000000000), (0.000000599, 0.000000000), (0.000000609, 0.000000000), (0.000000556, 0.000000000), (0.000000730, 0.000000000), (0.000000752, 0.000000000), (0.000000762, 0.000000000), (0.000000786, 0.000000000), (0.000000638, 0.000000000), (0.000000579, 0.000000000), (0.000000783, 0.000000000), (0.000000561, 0.000000000), (0.000000684, 0.000000000), (0.000000840, 0.000000000), (0.000000613, 0.000000000), (0.000000584, 0.000000000), (0.000000780, 0.000000000), (0.000000743, 0.000000000), (0.000000871, 0.000000000), (0.000000539, 0.000000000), (0.000000648, 0.000000000), (0.000000770, 0.000000000), (0.000000714, 0.000000000), (0.000000603, 0.000000000), (0.000000670, 0.000000000), (0.000000774, 0.000000000), (0.000000728, 0.000000000), (0.000000584, 0.000000000), (0.000000716, 0.000000000), (0.000000542, 0.000000000), (0.000000684, 0.000000000), (0.000000621, 0.000000000), (0.000000685, 0.000000000), (0.000000569, 0.000000000), (0.000000772, 0.000000000), (0.000000688, 0.000000000), (0.000000621, 0.000000000), (0.000000529, 0.000000000), (0.000000667, 0.000000000), (0.000000635, 0.000000000), (0.000000609, 0.000000000), (0.000000626, 0.000000000), (0.000000724, 0.000000000), (0.000000638, 0.000000000), (0.000000939, 0.000000000), (0.000000678, 0.000000000), (0.000000690, 0.000000000), (0.000000574, 0.000000000), (0.000000643, 0.000000000), (0.000000557, 0.000000000), (0.000000658, 0.000000000), (0.000000621, 0.000000000), (0.000000677, 0.000000000), (0.000000574, 0.000000000), (0.000000765, 0.000000000), (0.000000742, 0.000000000), (0.000000822, 0.000000000), (0.000000753, 0.000000000), (0.000000599, 0.000000000), (0.000000797, 0.000000000), (0.000000633, 0.000000000), (0.000000736, 0.000000000), (0.000000754, 0.000000000), (0.000000598, 0.000000000), (0.000000796, 0.000000000), (0.000000639, 0.000000000), (0.000000776, 0.000000000), (0.000000527, 0.000000000), (0.000000700, 0.000000000), (0.000000745, 0.000000000), (0.000000764, 0.000000000), (0.000000681, 0.000000000), (0.000000661, 0.000000000), (0.000000630, 0.000000000), (0.000000726, 0.000000000), (0.000000657, 0.000000000), (0.000000673, 0.000000000), (0.000000576, 0.000000000), (0.000000814, 0.000000000), (0.000000577, 0.000000000), (0.000000680, 0.000000000), (0.000000689, 0.000000000), (0.000000645, 0.000000000), (0.000000653, 0.000000000), (0.000000664, 0.000000000), (0.000000596, 0.000000000), (0.000000655, 0.000000000), (0.000000547, 0.000000000), (0.000000832, 0.000000000), (0.000000829, 0.000000000), (0.000000677, 0.000000000), (0.000000600, 0.000000000), (0.000000684, 0.000000000), (0.000000720, 0.000000000), (0.000000758, 0.000000000), (0.000000624, 0.000000000), (0.000000730, 0.000000000)],
"best_17":[(0.000000680, 0.000000000), (0.000000857, 0.000000000), (0.000000719, 0.000000000), (0.000000855, 0.000000000), (0.000000730, 0.000000000), (0.000000863, 0.000000000), (0.000000758, 0.000000000), (0.000000874, 0.000000000), (0.000000787, 0.000000000), (0.000000807, 0.000000000), (0.000000863, 0.000000000), (0.000001163, 0.000000000), (0.000001012, 0.000000000), (0.000001100, 0.000000000), (0.000001080, 0.000000000), (0.000000897, 0.000000000), (0.000000829, 0.000000000), (0.000000876, 0.000000000), (0.000000821, 0.000000000), (0.000000912, 0.000000000), (0.000000765, 0.000000000), (0.000000907, 0.000000000), (0.000000788, 0.000000000), (0.000000923, 0.000000000), (0.000000882, 0.000000000), (0.000000849, 0.000000000), (0.000000800, 0.000000000), (0.000000918, 0.000000000), (0.000000842, 0.000000000), (0.000000944, 0.000000000), (0.000000724, 0.000000000), (0.000000879, 0.000000000), (0.000000821, 0.000000000), (0.000001035, 0.000000000), (0.000000928, 0.000000000), (0.000000967, 0.000000000), (0.000001118, 0.000000000), (0.000001087, 0.000000000), (0.000001000, 0.000000000), (0.000001037, 0.000000000), (0.000000697, 0.000000000), (0.000000820, 0.000000000), (0.000000838, 0.000000000), (0.000000836, 0.000000000), (0.000000770, 0.000000000), (0.000000850, 0.000000000), (0.000000740, 0.000000000), (0.000000873, 0.000000000), (0.000000795, 0.000000000), (0.000000879, 0.000000000), (0.000000771, 0.000000000), (0.000000914, 0.000000000), (0.000000739, 0.000000000), (0.000000817, 0.000000000), (0.000000757, 0.000000000), (0.000000983, 0.000000000), (0.000000814, 0.000000000), (0.000000843, 0.000000000), (0.000000794, 0.000000000), (0.000000941, 0.000000000), (0.000000708, 0.000000000), (0.000000810, 0.000000000), (0.000000734, 0.000000000), (0.000000878, 0.000000000), (0.000000803, 0.000000000), (0.000000978, 0.000000000), (0.000000764, 0.000000000), (0.000000841, 0.000000000), (0.000000811, 0.000000000), (0.000001042, 0.000000000), (0.000000722, 0.000000000), (0.000000867, 0.000000000), (0.000000797, 0.000000000), (0.000000950, 0.000000000), (0.000000873, 0.000000000), (0.000000869, 0.000000000), (0.000000790, 0.000000000), (0.000001013, 0.000000000), (0.000000842, 0.000000000), (0.000000922, 0.000000000), (0.000000706, 0.000000000), (0.000000868, 0.000000000), (0.000000737, 0.000000000), (0.000000823, 0.000000000), (0.000000801, 0.000000000), (0.000000956, 0.000000000), (0.000000849, 0.000000000), (0.000001015, 0.000000000), (0.000000996, 0.000000000), (0.000000836, 0.000000000), (0.000000790, 0.000000000), (0.000001203, 0.000000000), (0.000000714, 0.000000000), (0.000000796, 0.000000000), (0.000000776, 0.000000000), (0.000000889, 0.000000000), (0.000000839, 0.000000000), (0.000000836, 0.000000000), (0.000000771, 0.000000000), (0.000000881, 0.000000000)],
"best_18":[(0.000000906, 0.000000000), (0.000001134, 0.000000000), (0.000000932, 0.000000000), (0.000001070, 0.000000000), (0.000000953, 0.000000000), (0.000001148, 0.000000000), (0.000000991, 0.000000000), (0.000001081, 0.000000000), (0.000001009, 0.000000000), (0.000001117, 0.000000000), (0.000000903, 0.000000000), (0.000001206, 0.000000000), (0.000001086, 0.000000000), (0.000001196, 0.000000000), (0.000000962, 0.000000000), (0.000001066, 0.000000000), (0.000001036, 0.000000000), (0.000001118, 0.000000000), (0.000001030, 0.000000000), (0.000001105, 0.000000000), (0.000001029, 0.000000000), (0.000001198, 0.000000000), (0.000001080, 0.000000000), (0.000001406, 0.000000000), (0.000001015, 0.000000000), (0.000001205, 0.000000000), (0.000001125, 0.000000000), (0.000001148, 0.000000000), (0.000001249, 0.000000000), (0.000001635, 0.000000000), (0.000001114, 0.000000000), (0.000001294, 0.000000000), (0.000001007, 0.000000000), (0.000001186, 0.000000000), (0.000001221, 0.000000000), (0.000001103, 0.000000000), (0.000001020, 0.000000000), (0.000001119, 0.000000000), (0.000001004, 0.000000000), (0.000001105, 0.000000000), (0.000001067, 0.000000000), (0.000001220, 0.000000000), (0.000000978, 0.000000000), (0.000001193, 0.000000000), (0.000001011, 0.000000000), (0.000001245, 0.000000000), (0.000001107, 0.000000000), (0.000001242, 0.000000000), (0.000001198, 0.000000000), (0.000001198, 0.000000000), (0.000001165, 0.000000000), (0.000001368, 0.000000000), (0.000001007, 0.000000000), (0.000001340, 0.000000000), (0.000001046, 0.000000000), (0.000001277, 0.000000000), (0.000001120, 0.000000000), (0.000001230, 0.000000000), (0.000001163, 0.000000000), (0.000001107, 0.000000000), (0.000000967, 0.000000000), (0.000001168, 0.000000000), (0.000001214, 0.000000000), (0.000001153, 0.000000000), (0.000000970, 0.000000000), (0.000001042, 0.000000000), (0.000000963, 0.000000000), (0.000001193, 0.000000000), (0.000000987, 0.000000000), (0.000001095, 0.000000000), (0.000000973, 0.000000000), (0.000001150, 0.000000000), (0.000000968, 0.000000000), (0.000001203, 0.000000000), (0.000001031, 0.000000000), (0.000001133, 0.000000000), (0.000001113, 0.000000000), (0.000001105, 0.000000000), (0.000001020, 0.000000000), (0.000001222, 0.000000000), (0.000000959, 0.000000000), (0.000001128, 0.000000000), (0.000001001, 0.000000000), (0.000001187, 0.000000000), (0.000001050, 0.000000000), (0.000001039, 0.000000000), (0.000000998, 0.000000000), (0.000001082, 0.000000000), (0.000001038, 0.000000000), (0.000001109, 0.000000000), (0.000001036, 0.000000000), (0.000001335, 0.000000000), (0.000001004, 0.000000000), (0.000001114, 0.000000000), (0.000001012, 0.000000000), (0.000001204, 0.000000000), (0.000001044, 0.000000000), (0.000001079, 0.000000000), (0.000001006, 0.000000000), (0.000001173, 0.000000000)],
"best_19":[(0.000002408, 0.000000000), (0.000002744, 0.000000000), (0.000001828, 0.000000000), (0.000002022, 0.000000000), (0.000001808, 0.000000000), (0.000001722, 0.000000000), (0.000001789, 0.000000000), (0.000001396, 0.000000000), (0.000001293, 0.000000000), (0.000001270, 0.000000000), (0.000001663, 0.000000000), (0.000001938, 0.000000000), (0.000001741, 0.000000000), (0.000002082, 0.000000000), (0.000001838, 0.000000000), (0.000001840, 0.000000000), (0.000001752, 0.000000000), (0.000001857, 0.000000000), (0.000001645, 0.000000000), (0.000001720, 0.000000000), (0.000001363, 0.000000000), (0.000001590, 0.000000000), (0.000001466, 0.000000000), (0.000001786, 0.000000000), (0.000001379, 0.000000000), (0.000001597, 0.000000000), (0.000001485, 0.000000000), (0.000001413, 0.000000000), (0.000001237, 0.000000000), (0.000001558, 0.000000000), (0.000001437, 0.000000000), (0.000001572, 0.000000000), (0.000001409, 0.000000000), (0.000001404, 0.000000000), (0.000001327, 0.000000000), (0.000001413, 0.000000000), (0.000001292, 0.000000000), (0.000001333, 0.000000000), (0.000001489, 0.000000000), (0.000001812, 0.000000000), (0.000001199, 0.000000000), (0.000001428, 0.000000000), (0.000001267, 0.000000000), (0.000001317, 0.000000000), (0.000001228, 0.000000000), (0.000001314, 0.000000000), (0.000001377, 0.000000000), (0.000001306, 0.000000000), (0.000001206, 0.000000000), (0.000001303, 0.000000000), (0.000001473, 0.000000000), (0.000001514, 0.000000000), (0.000001271, 0.000000000), (0.000001526, 0.000000000), (0.000001218, 0.000000000), (0.000001304, 0.000000000), (0.000001279, 0.000000000), (0.000001346, 0.000000000), (0.000001420, 0.000000000), (0.000001467, 0.000000000), (0.000001275, 0.000000000), (0.000001394, 0.000000000), (0.000001207, 0.000000000), (0.000001559, 0.000000000), (0.000001298, 0.000000000), (0.000001338, 0.000000000), (0.000001376, 0.000000000), (0.000001486, 0.000000000), (0.000001477, 0.000000000), (0.000001488, 0.000000000), (0.000001367, 0.000000000), (0.000001745, 0.000000000), (0.000001402, 0.000000000), (0.000001333, 0.000000000), (0.000001220, 0.000000000), (0.000001339, 0.000000000), (0.000001433, 0.000000000), (0.000001603, 0.000000000), (0.000001541, 0.000000000), (0.000001438, 0.000000000), (0.000001183, 0.000000000), (0.000001542, 0.000000000), (0.000001344, 0.000000000), (0.000001584, 0.000000000), (0.000001271, 0.000000000), (0.000001437, 0.000000000), (0.000001342, 0.000000000), (0.000001511, 0.000000000), (0.000001401, 0.000000000), (0.000001431, 0.000000000), (0.000001333, 0.000000000), (0.000001612, 0.000000000), (0.000001223, 0.000000000), (0.000001410, 0.000000000), (0.000001384, 0.000000000), (0.000001433, 0.000000000), (0.000001254, 0.000000000), (0.000001315, 0.000000000), (0.000001194, 0.000000000), (0.000001319, 0.000000000)],
"best_20":[(0.000001520, 0.000000000), (0.000002409, 0.000000000), (0.000001689, 0.000000000), (0.000001923, 0.000000000), (0.000001621, 0.000000000), (0.000001716, 0.000000000), (0.000001739, 0.000000000), (0.000001763, 0.000000000), (0.000001508, 0.000000000), (0.000001780, 0.000000000), (0.000001474, 0.000000000), (0.000001785, 0.000000000), (0.000001570, 0.000000000), (0.000001715, 0.000000000), (0.000001650, 0.000000000), (0.000001743, 0.000000000), (0.000001480, 0.000000000), (0.000001865, 0.000000000), (0.000001481, 0.000000000), (0.000001728, 0.000000000), (0.000001500, 0.000000000), (0.000001704, 0.000000000), (0.000001381, 0.000000000), (0.000001553, 0.000000000), (0.000001397, 0.000000000), (0.000001659, 0.000000000), (0.000001549, 0.000000000), (0.000001546, 0.000000000), (0.000001470, 0.000000000), (0.000001492, 0.000000000), (0.000001478, 0.000000000), (0.000001737, 0.000000000), (0.000001469, 0.000000000), (0.000001660, 0.000000000), (0.000001433, 0.000000000), (0.000001588, 0.000000000), (0.000001553, 0.000000000), (0.000001531, 0.000000000), (0.000001448, 0.000000000), (0.000001625, 0.000000000), (0.000001814, 0.000000000), (0.000002034, 0.000000000), (0.000001682, 0.000000000), (0.000002166, 0.000000000), (0.000001770, 0.000000000), (0.000001996, 0.000000000), (0.000001717, 0.000000000), (0.000001953, 0.000000000), (0.000001689, 0.000000000), (0.000001691, 0.000000000), (0.000001506, 0.000000000), (0.000001739, 0.000000000), (0.000001468, 0.000000000), (0.000001602, 0.000000000), (0.000001479, 0.000000000), (0.000001596, 0.000000000), (0.000001418, 0.000000000), (0.000001656, 0.000000000), (0.000001472, 0.000000000), (0.000001656, 0.000000000), (0.000001402, 0.000000000), (0.000001629, 0.000000000), (0.000001397, 0.000000000), (0.000001678, 0.000000000), (0.000001406, 0.000000000), (0.000001548, 0.000000000), (0.000001487, 0.000000000), (0.000001592, 0.000000000), (0.000001641, 0.000000000), (0.000001781, 0.000000000), (0.000001745, 0.000000000), (0.000001895, 0.000000000), (0.000001607, 0.000000000), (0.000002268, 0.000000000), (0.000003547, 0.000000000), (0.000003572, 0.000000000), (0.000002455, 0.000000000), (0.000002374, 0.000000000), (0.000001899, 0.000000000), (0.000001787, 0.000000000), (0.000001238, 0.000000000), (0.000001814, 0.000000000), (0.000001426, 0.000000000), (0.000001717, 0.000000000), (0.000001575, 0.000000000), (0.000001702, 0.000000000), (0.000001467, 0.000000000), (0.000001615, 0.000000000), (0.000001463, 0.000000000), (0.000001689, 0.000000000), (0.000001621, 0.000000000), (0.000001701, 0.000000000), (0.000001540, 0.000000000), (0.000001676, 0.000000000), (0.000001464, 0.000000000), (0.000001663, 0.000000000), (0.000001455, 0.000000000), (0.000001645, 0.000000000), (0.000001475, 0.000000000), (0.000001556, 0.000000000)],
"best_21":[(0.000001928, 0.000000000), (0.000002400, 0.000000000), (0.000002255, 0.000000000), (0.000002341, 0.000000000), (0.000001996, 0.000000000), (0.000002390, 0.000000000), (0.000001955, 0.000000000), (0.000001994, 0.000000000), (0.000001864, 0.000000000), (0.000001993, 0.000000000), (0.000002204, 0.000000000), (0.000002812, 0.000000000), (0.000001918, 0.000000000), (0.000002288, 0.000000000), (0.000001980, 0.000000000), (0.000002430, 0.000000000), (0.000002126, 0.000000000), (0.000002244, 0.000000000), (0.000001954, 0.000000000), (0.000002068, 0.000000000), (0.000001678, 0.000000000), (0.000002393, 0.000000000), (0.000001703, 0.000000000), (0.000002075, 0.000000000), (0.000001759, 0.000000000), (0.000002087, 0.000000000), (0.000001777, 0.000000000), (0.000001948, 0.000000000), (0.000001923, 0.000000000), (0.000001939, 0.000000000), (0.000001683, 0.000000000), (0.000002011, 0.000000000), (0.000001758, 0.000000000), (0.000002321, 0.000000000), (0.000001875, 0.000000000), (0.000001965, 0.000000000), (0.000001757, 0.000000000), (0.000001861, 0.000000000), (0.000001881, 0.000000000), (0.000001855, 0.000000000), (0.000001786, 0.000000000), (0.000002129, 0.000000000), (0.000001785, 0.000000000), (0.000002110, 0.000000000), (0.000002002, 0.000000000), (0.000001976, 0.000000000), (0.000001757, 0.000000000), (0.000001964, 0.000000000), (0.000001798, 0.000000000), (0.000001954, 0.000000000), (0.000001723, 0.000000000), (0.000002016, 0.000000000), (0.000001732, 0.000000000), (0.000002025, 0.000000000), (0.000001756, 0.000000000), (0.000002060, 0.000000000), (0.000001963, 0.000000000), (0.000002141, 0.000000000), (0.000001828, 0.000000000), (0.000001935, 0.000000000), (0.000001825, 0.000000000), (0.000002096, 0.000000000), (0.000001684, 0.000000000), (0.000001978, 0.000000000), (0.000001654, 0.000000000), (0.000001859, 0.000000000), (0.000001895, 0.000000000), (0.000001860, 0.000000000), (0.000001756, 0.000000000), (0.000001955, 0.000000000), (0.000002219, 0.000000000), (0.000002564, 0.000000000), (0.000001995, 0.000000000), (0.000002161, 0.000000000), (0.000001752, 0.000000000), (0.000001994, 0.000000000), (0.000001963, 0.000000000), (0.000001983, 0.000000000), (0.000001852, 0.000000000), (0.000002017, 0.000000000), (0.000001709, 0.000000000), (0.000002174, 0.000000000), (0.000001900, 0.000000000), (0.000002085, 0.000000000), (0.000001959, 0.000000000), (0.000002019, 0.000000000), (0.000001755, 0.000000000), (0.000001835, 0.000000000), (0.000001971, 0.000000000), (0.000002057, 0.000000000), (0.000001819, 0.000000000), (0.000002535, 0.000000000), (0.000001706, 0.000000000), (0.000001879, 0.000000000), (0.000001595, 0.000000000), (0.000001961, 0.000000000), (0.000001621, 0.000000000), (0.000001984, 0.000000000), (0.000001830, 0.000000000), (0.000001806, 0.000000000)],
"best_22":[(0.000002363, 0.000000000), (0.000002871, 0.000000000), (0.000002382, 0.000000000), (0.000002622, 0.000000000), (0.000002367, 0.000000000), (0.000002861, 0.000000000), (0.000002418, 0.000000000), (0.000002889, 0.000000000), (0.000002244, 0.000000000), (0.000002510, 0.000000000), (0.000002181, 0.000000000), (0.000002774, 0.000000000), (0.000002017, 0.000000000), (0.000002495, 0.000000000), (0.000002149, 0.000000000), (0.000002373, 0.000000000), (0.000002134, 0.000000000), (0.000002474, 0.000000000), (0.000002473, 0.000000000), (0.000002501, 0.000000000), (0.000002061, 0.000000000), (0.000002535, 0.000000000), (0.000002457, 0.000000000), (0.000002432, 0.000000000), (0.000002040, 0.000000000), (0.000002387, 0.000000000), (0.000002028, 0.000000000), (0.000002189, 0.000000000), (0.000001951, 0.000000000), (0.000002413, 0.000000000), (0.000001831, 0.000000000), (0.000002458, 0.000000000), (0.000001930, 0.000000000), (0.000002419, 0.000000000), (0.000002204, 0.000000000), (0.000002223, 0.000000000), (0.000001932, 0.000000000), (0.000002399, 0.000000000), (0.000002158, 0.000000000), (0.000002222, 0.000000000), (0.000001852, 0.000000000), (0.000002481, 0.000000000), (0.000002174, 0.000000000), (0.000002523, 0.000000000), (0.000002215, 0.000000000), (0.000002416, 0.000000000), (0.000003316, 0.000000000), (0.000002732, 0.000000000), (0.000002130, 0.000000000), (0.000002407, 0.000000000), (0.000001906, 0.000000000), (0.000002639, 0.000000000), (0.000001938, 0.000000000), (0.000002271, 0.000000000), (0.000002154, 0.000000000), (0.000003411, 0.000000000), (0.000003051, 0.000000000), (0.000003644, 0.000000000), (0.000003733, 0.000000000), (0.000003097, 0.000000000), (0.000002015, 0.000000000), (0.000002484, 0.000000000), (0.000002077, 0.000000000), (0.000002300, 0.000000000), (0.000002342, 0.000000000), (0.000002361, 0.000000000), (0.000002029, 0.000000000), (0.000002269, 0.000000000), (0.000002149, 0.000000000), (0.000003567, 0.000000000), (0.000002116, 0.000000000), (0.000002467, 0.000000000), (0.000002017, 0.000000000), (0.000002414, 0.000000000), (0.000002296, 0.000000000), (0.000003846, 0.000000000), (0.000002062, 0.000000000), (0.000002274, 0.000000000), (0.000002070, 0.000000000), (0.000002348, 0.000000000), (0.000001925, 0.000000000), (0.000002440, 0.000000000), (0.000002043, 0.000000000), (0.000002364, 0.000000000), (0.000002177, 0.000000000), (0.000002689, 0.000000000), (0.000002214, 0.000000000), (0.000002299, 0.000000000), (0.000002165, 0.000000000), (0.000002318, 0.000000000), (0.000002092, 0.000000000), (0.000002488, 0.000000000), (0.000002172, 0.000000000), (0.000002545, 0.000000000), (0.000002126, 0.000000000), (0.000002346, 0.000000000), (0.000002474, 0.000000000), (0.000002370, 0.000000000), (0.000002092, 0.000000000), (0.000002399, 0.000000000)],
"best_23":[(0.000002488, 0.000000000), (0.000003343, 0.000000000), (0.000002559, 0.000000000), (0.000002879, 0.000000000), (0.000002581, 0.000000000), (0.000002762, 0.000000000), (0.000002532, 0.000000000), (0.000002896, 0.000000000), (0.000002626, 0.000000000), (0.000002727, 0.000000000), (0.000002569, 0.000000000), (0.000003154, 0.000000000), (0.000002542, 0.000000000), (0.000002993, 0.000000000), (0.000002677, 0.000000000), (0.000002905, 0.000000000), (0.000002461, 0.000000000), (0.000002740, 0.000000000), (0.000002730, 0.000000000), (0.000002821, 0.000000000), (0.000002560, 0.000000000), (0.000003113, 0.000000000), (0.000002644, 0.000000000), (0.000003232, 0.000000000), (0.000002747, 0.000000000), (0.000002988, 0.000000000), (0.000002766, 0.000000000), (0.000002979, 0.000000000), (0.000002722, 0.000000000), (0.000002741, 0.000000000), (0.000002512, 0.000000000), (0.000002994, 0.000000000), (0.000002902, 0.000000000), (0.000003141, 0.000000000), (0.000002756, 0.000000000), (0.000003139, 0.000000000), (0.000002842, 0.000000000), (0.000003049, 0.000000000), (0.000002722, 0.000000000), (0.000002830, 0.000000000), (0.000002348, 0.000000000), (0.000002910, 0.000000000), (0.000002710, 0.000000000), (0.000002826, 0.000000000), (0.000002565, 0.000000000), (0.000002954, 0.000000000), (0.000002402, 0.000000000), (0.000002754, 0.000000000), (0.000002543, 0.000000000), (0.000002925, 0.000000000), (0.000002461, 0.000000000), (0.000003143, 0.000000000), (0.000002825, 0.000000000), (0.000002965, 0.000000000), (0.000002609, 0.000000000), (0.000002921, 0.000000000), (0.000002628, 0.000000000), (0.000002865, 0.000000000), (0.000002698, 0.000000000), (0.000002957, 0.000000000), (0.000003668, 0.000000000), (0.000003799, 0.000000000), (0.000002909, 0.000000000), (0.000003151, 0.000000000), (0.000003463, 0.000000000), (0.000003056, 0.000000000), (0.000002599, 0.000000000), (0.000003176, 0.000000000), (0.000002860, 0.000000000), (0.000003089, 0.000000000), (0.000002574, 0.000000000), (0.000003511, 0.000000000), (0.000003222, 0.000000000), (0.000003332, 0.000000000), (0.000003174, 0.000000000), (0.000003194, 0.000000000), (0.000002819, 0.000000000), (0.000003153, 0.000000000), (0.000002649, 0.000000000), (0.000003185, 0.000000000), (0.000002549, 0.000000000), (0.000003254, 0.000000000), (0.000002689, 0.000000000), (0.000002876, 0.000000000), (0.000003067, 0.000000000), (0.000004422, 0.000000000), (0.000003074, 0.000000000), (0.000002964, 0.000000000), (0.000002752, 0.000000000), (0.000002967, 0.000000000), (0.000002323, 0.000000000), (0.000003020, 0.000000000), (0.000002516, 0.000000000), (0.000003043, 0.000000000), (0.000002701, 0.000000000), (0.000003318, 0.000000000), (0.000003102, 0.000000000), (0.000003291, 0.000000000), (0.000006938, 0.000000000), (0.000004982, 0.000000000)],
"best_24":[(0.000004755, 0.000000000), (0.000004055, 0.000000000), (0.000003068, 0.000000000), (0.000003583, 0.000000000), (0.000003776, 0.000000000), (0.000004044, 0.000000000), (0.000003685, 0.000000000), (0.000003819, 0.000000000), (0.000003255, 0.000000000), (0.000003621, 0.000000000), (0.000003014, 0.000000000), (0.000003896, 0.000000000), (0.000003427, 0.000000000), (0.000003578, 0.000000000), (0.000002890, 0.000000000), (0.000003325, 0.000000000), (0.000003001, 0.000000000), (0.000003947, 0.000000000), (0.000003982, 0.000000000), (0.000005317, 0.000000000), (0.000002796, 0.000000000), (0.000003655, 0.000000000), (0.000002910, 0.000000000), (0.000003464, 0.000000000), (0.000002950, 0.000000000), (0.000003505, 0.000000000), (0.000004880, 0.000000000), (0.000004911, 0.000000000), (0.000003673, 0.000000000), (0.000004008, 0.000000000), (0.000002900, 0.000000000), (0.000003629, 0.000000000), (0.000002931, 0.000000000), (0.000003320, 0.000000000), (0.000003226, 0.000000000), (0.000003336, 0.000000000), (0.000002844, 0.000000000), (0.000003381, 0.000000000), (0.000002991, 0.000000000), (0.000003282, 0.000000000), (0.000003099, 0.000000000), (0.000004171, 0.000000000), (0.000003270, 0.000000000), (0.000004016, 0.000000000), (0.000003944, 0.000000000), (0.000004226, 0.000000000), (0.000003773, 0.000000000), (0.000005023, 0.000000000), (0.000004835, 0.000000000), (0.000005222, 0.000000000), (0.000003910, 0.000000000), (0.000004251, 0.000000000), (0.000003681, 0.000000000), (0.000003600, 0.000000000), (0.000002873, 0.000000000), (0.000003324, 0.000000000), (0.000003467, 0.000000000), (0.000003189, 0.000000000), (0.000002971, 0.000000000), (0.000003343, 0.000000000), (0.000004223, 0.000000000), (0.000005411, 0.000000000), (0.000004013, 0.000000000), (0.000004371, 0.000000000), (0.000003903, 0.000000000), (0.000003867, 0.000000000), (0.000003419, 0.000000000), (0.000003403, 0.000000000), (0.000002938, 0.000000000), (0.000003156, 0.000000000), (0.000010421, 0.000000000), (0.000014429, 0.000000000), (0.000005122, 0.000000000), (0.000008422, 0.000000000), (0.000004228, 0.000000000), (0.000006087, 0.000000000), (0.000004285, 0.000000000), (0.000005145, 0.000000000), (0.000003773, 0.000000000), (0.000004273, 0.000000000), (0.000002865, 0.000000000), (0.000003949, 0.000000000), (0.000002955, 0.000000000), (0.000003328, 0.000000000), (0.000002959, 0.000000000), (0.000003369, 0.000000000), (0.000002863, 0.000000000), (0.000003802, 0.000000000), (0.000003557, 0.000000000), (0.000003270, 0.000000000), (0.000002722, 0.000000000), (0.000003704, 0.000000000), (0.000003006, 0.000000000), (0.000003483, 0.000000000), (0.000002953, 0.000000000), (0.000003287, 0.000000000), (0.000003019, 0.000000000), (0.000003220, 0.000000000), (0.000002927, 0.000000000), (0.000003180, 0.000000000)],
"best_25":[(0.000004338, 0.000000000), (0.000005839, 0.000000000), (0.000003683, 0.000000000), (0.000004854, 0.000000000), (0.000003456, 0.000000000), (0.000004244, 0.000000000), (0.000003809, 0.000000000), (0.000004838, 0.000000000), (0.000003998, 0.000000000), (0.000005141, 0.000000000), (0.000003161, 0.000000000), (0.000004272, 0.000000000), (0.000003482, 0.000000000), (0.000003993, 0.000000000), (0.000003350, 0.000000000), (0.000004144, 0.000000000), (0.000003477, 0.000000000), (0.000003848, 0.000000000), (0.000003375, 0.000000000), (0.000003681, 0.000000000), (0.000003498, 0.000000000), (0.000004908, 0.000000000), (0.000003678, 0.000000000), (0.000004590, 0.000000000), (0.000003368, 0.000000000), (0.000003734, 0.000000000), (0.000003604, 0.000000000), (0.000003668, 0.000000000), (0.000003419, 0.000000000), (0.000003768, 0.000000000), (0.000003828, 0.000000000), (0.000004634, 0.000000000), (0.000003608, 0.000000000), (0.000004248, 0.000000000), (0.000004243, 0.000000000), (0.000007217, 0.000000000), (0.000005479, 0.000000000), (0.000006169, 0.000000000), (0.000004586, 0.000000000), (0.000005586, 0.000000000), (0.000005262, 0.000000000), (0.000005928, 0.000000000), (0.000004666, 0.000000000), (0.000004693, 0.000000000), (0.000003609, 0.000000000), (0.000004253, 0.000000000), (0.000003493, 0.000000000), (0.000004152, 0.000000000), (0.000003436, 0.000000000), (0.000004263, 0.000000000), (0.000003958, 0.000000000), (0.000005211, 0.000000000), (0.000003627, 0.000000000), (0.000004504, 0.000000000), (0.000003499, 0.000000000), (0.000004329, 0.000000000), (0.000003478, 0.000000000), (0.000004001, 0.000000000), (0.000003558, 0.000000000), (0.000004965, 0.000000000), (0.000004628, 0.000000000), (0.000006512, 0.000000000), (0.000004149, 0.000000000), (0.000005172, 0.000000000), (0.000004026, 0.000000000), (0.000005068, 0.000000000), (0.000003838, 0.000000000), (0.000004777, 0.000000000), (0.000003929, 0.000000000), (0.000004537, 0.000000000), (0.000003829, 0.000000000), (0.000004624, 0.000000000), (0.000003799, 0.000000000), (0.000004203, 0.000000000), (0.000003847, 0.000000000), (0.000004359, 0.000000000), (0.000003758, 0.000000000), (0.000004210, 0.000000000), (0.000003662, 0.000000000), (0.000004323, 0.000000000), (0.000003763, 0.000000000), (0.000004627, 0.000000000), (0.000003377, 0.000000000), (0.000004173, 0.000000000), (0.000003263, 0.000000000), (0.000004069, 0.000000000), (0.000003504, 0.000000000), (0.000003709, 0.000000000), (0.000003307, 0.000000000), (0.000004174, 0.000000000), (0.000003519, 0.000000000), (0.000004930, 0.000000000), (0.000003975, 0.000000000), (0.000004894, 0.000000000), (0.000003901, 0.000000000), (0.000004434, 0.000000000), (0.000003574, 0.000000000), (0.000003958, 0.000000000), (0.000003807, 0.000000000), (0.000003913, 0.000000000)],
