"best_15":[(0.000000221, 32.000000000), (0.000000272, 0.000000000), (0.000000212, 32.000000000), (0.000000314, 0.000000000), (0.000000281, 32.000000000), (0.000000343, 0.000000000), (0.000000274, 32.000000000), (0.000000279, 0.000000000), (0.000000292, 32.000000000), (0.000000306, 0.000000000), (0.000000201, 32.000000000), (0.000000294, 0.000000000), (0.000000286, 32.000000000), (0.000000461, 0.000000000), (0.000000252, 32.000000000), (0.000000271, 0.000000000), (0.000000266, 32.000000000), (0.000000266, 0.000000000), (0.000000286, 32.000000000), (0.000000290, 0.000000000), (0.000000210, 32.000000000), (0.000000251, 0.000000000), (0.000000283, 32.000000000), (0.000000251, 0.000000000), (0.000000255, 32.000000000), (0.000000266, 0.000000000), (0.000000278, 32.000000000), (0.000000288, 0.000000000), (0.000000304, 32.000000000), (0.000000304, 0.000000000), (0.000000203, 32.000000000), (0.000000239, 0.000000000), (0.000000227, 32.000000000), (0.000000243, 0.000000000), (0.000000249, 32.000000000), (0.000000275, 0.000000000), (0.000000268, 32.000000000), (0.000000308, 0.000000000), (0.000000281, 32.000000000), (0.000000326, 0.000000000), (0.000000208, 32.000000000), (0.000000241, 0.000000000), (0.000000227, 32.000000000), (0.000000268, 0.000000000), (0.000000255, 32.000000000), (0.000000258, 0.000000000), (0.000000266, 32.000000000), (0.000000283, 0.000000000), (0.000000282, 32.000000000), (0.000000301, 0.000000000), (0.000000205, 32.000000000), (0.000000259, 0.000000000), (0.000000247, 32.000000000), (0.000000340, 0.000000000), (0.000000256, 32.000000000), (0.000000260, 0.000000000), (0.000000273, 32.000000000), (0.000000297, 0.000000000), (0.000000328, 32.000000000), (0.000000311, 0.000000000), (0.000000213, 32.000000000), (0.000000230, 0.000000000), (0.000000234, 32.000000000), (0.000000262, 0.000000000), (0.000000275, 32.000000000), (0.000000256, 0.000000000), (0.000000299, 32.000000000), (0.000000298, 0.000000000), (0.000000295, 32.000000000), (0.000000309, 0.000000000), (0.000000210, 32.000000000), (0.000000240, 0.000000000), (0.000000246, 32.000000000), (0.000000253, 0.000000000), (0.000000266, 32.000000000), (0.000000293, 0.000000000), (0.000000280, 32.000000000), (0.000000274, 0.000000000), (0.000000279, 32.000000000), (0.000000438, 0.000000000), (0.000000222, 32.000000000), (0.000000228, 0.000000000), (0.000000234, 32.000000000), (0.000000274, 0.000000000), (0.000000291, 32.000000000), (0.000000268, 0.000000000), (0.000000267, 32.000000000), (0.000000333, 0.000000000), (0.000000286, 32.000000000), (0.000000407, 0.000000000), (0.000000239, 32.000000000), (0.000000230, 0.000000000), (0.000000237, 32.000000000), (0.000000261, 0.000000000), (0.000000266, 32.000000000), (0.000000282, 0.000000000), (0.000000264, 32.000000000), (0.000000295, 0.000000000), (0.000000288, 32.000000000), (0.000000311, 0.000000000)],
"best_16":[(0.000000326, 32.000000000), (0.000000333, 0.000000000), (0.000000427, 32.000000000), (0.000000331, 0.000000000), (0.000000358, 32.000000000), (0.000000352, 0.000000000), (0.000000400, 32.000000000), (0.000000357, 0.000000000), (0.000000390, 32.000000000), (0.000000382, 0.000000000), (0.000000276, 32.000000000), (0.000000366, 0.000000000), (0.000000303, 32.000000000), (0.000000320, 0.000000000), (0.000000324, 32.000000000), (0.000000323, 0.000000000), (0.000000334, 32.000000000), (0.000000347, 0.000000000), (0.000000390, 32.000000000), (0.000000410, 0.000000000), (0.000000287, 32.000000000), (0.000000306, 0.000000000), (0.000000281, 32.000000000), (0.000000344, 0.000000000), (0.000000351, 32.000000000), (0.000000335, 0.000000000), (0.000000347, 32.000000000), (0.000000349, 0.000000000), (0.000000364, 32.000000000), (0.000000366, 0.000000000), (0.000000301, 32.000000000), (0.000000333, 0.000000000), (0.000000292, 32.000000000), (0.000000334, 0.000000000), (0.000000323, 32.000000000), (0.000000350, 0.000000000), (0.000000343, 32.000000000), (0.000000351, 0.000000000), (0.000000343, 32.000000000), (0.000000419, 0.000000000), (0.000000285, 32.000000000), (0.000000324, 0.000000000), (0.000000295, 32.000000000), (0.000000354, 0.000000000), (0.000000330, 32.000000000), (0.000000412, 0.000000000), (0.000000328, 32.000000000), (0.000000346, 0.000000000), (0.000000353, 32.000000000), (0.000000382, 0.000000000), (0.000000304, 32.000000000), (0.000000393, 0.000000000), (0.000000397, 32.000000000), (0.000000515, 0.000000000), (0.000000552, 32.000000000), (0.000000351, 0.000000000), (0.000000510, 32.000000000), (0.000000457, 0.000000000), (0.000000424, 32.000000000), (0.000000382, 0.000000000), (0.000000322, 32.000000000), (0.000000322, 0.000000000), (0.000000304, 32.000000000), (0.000000357, 0.000000000), (0.000000345, 32.000000000), (0.000000420, 0.000000000), (0.000000356, 32.000000000), (0.000000365, 0.000000000), (0.000000372, 32.000000000), (0.000000385, 0.000000000), (0.000000304, 32.000000000), (0.000000333, 0.000000000), (0.000000308, 32.000000000), (0.000000329, 0.000000000), (0.000000324, 32.000000000), (0.000000343, 0.000000000), (0.000000352, 32.000000000), (0.000000358, 0.000000000), (0.000000371, 32.000000000), (0.000000365, 0.000000000), (0.000000334, 32.000000000), (0.000000317, 0.000000000), (0.000000327, 32.000000000), (0.000000336, 0.000000000), (0.000000387, 32.000000000), (0.000000338, 0.000000000), (0.000000335, 32.000000000), (0.000000340, 0.000000000), (0.000000397, 32.000000000), (0.000000382, 0.000000000), (0.000000285, 32.000000000), (0.000000331, 0.000000000), (0.000000312, 32.000000000), (0.000000350, 0.000000000), (0.000000329, 32.000000000), (0.000000421, 0.000000000), (0.000000335, 32.000000000), (0.000000355, 0.000000000), (0.000000369, 32.000000000), (0.000000406, 0.000000000)],
"best_17":[(0.000000383, 32.000000000), (0.000000462, 0.000000000), (0.000000419, 32.000000000), (0.000000448, 0.000000000), (0.000000444, 32.000000000), (0.000000451, 0.000000000), (0.000000495, 32.000000000), (0.000000458, 0.000000000), (0.000000792, 32.000000000), (0.000000519, 0.000000000), (0.000000369, 32.000000000), (0.000000468, 0.000000000), (0.000000425, 32.000000000), (0.000000518, 0.000000000), (0.000000453, 32.000000000), (0.000000492, 0.000000000), (0.000000544, 32.000000000), (0.000000458, 0.000000000), (0.000000518, 32.000000000), (0.000000487, 0.000000000), (0.000000376, 32.000000000), (0.000000443, 0.000000000), (0.000000408, 32.000000000), (0.000000455, 0.000000000), (0.000000443, 32.000000000), (0.000000488, 0.000000000), (0.000000464, 32.000000000), (0.000000483, 0.000000000), (0.000000498, 32.000000000), (0.000000489, 0.000000000), (0.000000391, 32.000000000), (0.000000450, 0.000000000), (0.000000424, 32.000000000), (0.000000445, 0.000000000), (0.000000448, 32.000000000), (0.000000442, 0.000000000), (0.000000468, 32.000000000), (0.000000521, 0.000000000), (0.000000474, 32.000000000), (0.000000485, 0.000000000), (0.000000441, 32.000000000), (0.000000439, 0.000000000), (0.000000490, 32.000000000), (0.000000440, 0.000000000), (0.000000488, 32.000000000), (0.000000448, 0.000000000), (0.000000459, 32.000000000), (0.000000482, 0.000000000), (0.000000481, 32.000000000), (0.000000518, 0.000000000), (0.000000358, 32.000000000), (0.000000429, 0.000000000), (0.000000412, 32.000000000), (0.000000431, 0.000000000), (0.000000577, 32.000000000), (0.000000454, 0.000000000), (0.000000497, 32.000000000), (0.000000463, 0.000000000), (0.000000479, 32.000000000), (0.000000547, 0.000000000), (0.000000394, 32.000000000), (0.000000444, 0.000000000), (0.000000415, 32.000000000), (0.000000451, 0.000000000), (0.000000450, 32.000000000), (0.000000454, 0.000000000), (0.000000511, 32.000000000), (0.000000490, 0.000000000), (0.000000483, 32.000000000), (0.000000472, 0.000000000), (0.000000386, 32.000000000), (0.000000486, 0.000000000), (0.000000416, 32.000000000), (0.000000459, 0.000000000), (0.000000425, 32.000000000), (0.000000473, 0.000000000), (0.000000455, 32.000000000), (0.000000469, 0.000000000), (0.000000542, 32.000000000), (0.000000504, 0.000000000), (0.000000392, 32.000000000), (0.000000441, 0.000000000), (0.000000395, 32.000000000), (0.000000433, 0.000000000), (0.000000438, 32.000000000), (0.000000428, 0.000000000), (0.000000417, 32.000000000), (0.000000444, 0.000000000), (0.000000430, 32.000000000), (0.000000430, 0.000000000), (0.000000434, 32.000000000), (0.000000445, 0.000000000), (0.000000419, 32.000000000), (0.000000410, 0.000000000), (0.000000415, 32.000000000), (0.000000415, 0.000000000), (0.000000420, 32.000000000), (0.000000440, 0.000000000), (0.000000422, 32.000000000), (0.000000499, 0.000000000)],
"best_18":[(0.000000481, 32.000000000), (0.000000686, 0.000000000), (0.000000568, 32.000000000), (0.000000544, 0.000000000), (0.000000574, 32.000000000), (0.000000541, 0.000000000), (0.000000552, 32.000000000), (0.000000570, 0.000000000), (0.000000566, 32.000000000), (0.000000567, 0.000000000), (0.000000517, 32.000000000), (0.000000572, 0.000000000), (0.000000517, 32.000000000), (0.000000545, 0.000000000), (0.000000536, 32.000000000), (0.000000562, 0.000000000), (0.000000572, 32.000000000), (0.000000548, 0.000000000), (0.000000568, 32.000000000), (0.000000573, 0.000000000), (0.000000472, 32.000000000), (0.000000640, 0.000000000), (0.000000519, 32.000000000), (0.000000553, 0.000000000), (0.000000584, 32.000000000), (0.000000545, 0.000000000), (0.000000554, 32.000000000), (0.000000571, 0.000000000), (0.000000579, 32.000000000), (0.000000580, 0.000000000), (0.000000499, 32.000000000), (0.000000582, 0.000000000), (0.000000521, 32.000000000), (0.000000601, 0.000000000), (0.000000554, 32.000000000), (0.000000597, 0.000000000), (0.000000595, 32.000000000), (0.000000561, 0.000000000), (0.000000592, 32.000000000), (0.000000590, 0.000000000), (0.000000480, 32.000000000), (0.000000583, 0.000000000), (0.000000556, 32.000000000), (0.000000561, 0.000000000), (0.000000569, 32.000000000), (0.000000584, 0.000000000), (0.000000655, 32.000000000), (0.000000581, 0.000000000), (0.000000596, 32.000000000), (0.000000702, 0.000000000), (0.000000572, 32.000000000), (0.000000663, 0.000000000), (0.000000536, 32.000000000), (0.000000641, 0.000000000), (0.000000547, 32.000000000), (0.000000552, 0.000000000), (0.000000590, 32.000000000), (0.000000566, 0.000000000), (0.000000587, 32.000000000), (0.000000595, 0.000000000), (0.000000480, 32.000000000), (0.000000582, 0.000000000), (0.000000565, 32.000000000), (0.000000550, 0.000000000), (0.000000539, 32.000000000), (0.000000670, 0.000000000), (0.000000562, 32.000000000), (0.000000566, 0.000000000), (0.000000625, 32.000000000), (0.000000587, 0.000000000), (0.000000475, 32.000000000), (0.000000609, 0.000000000), (0.000000511, 32.000000000), (0.000000563, 0.000000000), (0.000000583, 32.000000000), (0.000000537, 0.000000000), (0.000000555, 32.000000000), (0.000000601, 0.000000000), (0.000000605, 32.000000000), (0.000000576, 0.000000000), (0.000000558, 32.000000000), (0.000000574, 0.000000000), (0.000000521, 32.000000000), (0.000000662, 0.000000000), (0.000000560, 32.000000000), (0.000000554, 0.000000000), (0.000000577, 32.000000000), (0.000000600, 0.000000000), (0.000000587, 32.000000000), (0.000000566, 0.000000000), (0.000000470, 32.000000000), (0.000000589, 0.000000000), (0.000000576, 32.000000000), (0.000000601, 0.000000000), (0.000000555, 32.000000000), (0.000000559, 0.000000000), (0.000000583, 32.000000000), (0.000000561, 0.000000000), (0.000000592, 32.000000000), (0.000000581, 0.000000000)],
"best_19":[(0.000000637, 32.000000000), (0.000000786, 0.000000000), (0.000000701, 32.000000000), (0.000000721, 0.000000000), (0.000000716, 32.000000000), (0.000000955, 0.000000000), (0.000000706, 32.000000000), (0.000000742, 0.000000000), (0.000000732, 32.000000000), (0.000000753, 0.000000000), (0.000000593, 32.000000000), (0.000000764, 0.000000000), (0.000000638, 32.000000000), (0.000000720, 0.000000000), (0.000000694, 32.000000000), (0.000000683, 0.000000000), (0.000000688, 32.000000000), (0.000000695, 0.000000000), (0.000000739, 32.000000000), (0.000000696, 0.000000000), (0.000000620, 32.000000000), (0.000000767, 0.000000000), (0.000000652, 32.000000000), (0.000000715, 0.000000000), (0.000000748, 32.000000000), (0.000000691, 0.000000000), (0.000000665, 32.000000000), (0.000000682, 0.000000000), (0.000000788, 32.000000000), (0.000000737, 0.000000000), (0.000000648, 32.000000000), (0.000000770, 0.000000000), (0.000000639, 32.000000000), (0.000000687, 0.000000000), (0.000000734, 32.000000000), (0.000000741, 0.000000000), (0.000000727, 32.000000000), (0.000000744, 0.000000000), (0.000000746, 32.000000000), (0.000000747, 0.000000000), (0.000000636, 32.000000000), (0.000000803, 0.000000000), (0.000000713, 32.000000000), (0.000000745, 0.000000000), (0.000000757, 32.000000000), (0.000000733, 0.000000000), (0.000000722, 32.000000000), (0.000000765, 0.000000000), (0.000000732, 32.000000000), (0.000000734, 0.000000000), (0.000000649, 32.000000000), (0.000000808, 0.000000000), (0.000000697, 32.000000000), (0.000000754, 0.000000000), (0.000000721, 32.000000000), (0.000000735, 0.000000000), (0.000000716, 32.000000000), (0.000000761, 0.000000000), (0.000000765, 32.000000000), (0.000000735, 0.000000000), (0.000000642, 32.000000000), (0.000000790, 0.000000000), (0.000000724, 32.000000000), (0.000000741, 0.000000000), (0.000000698, 32.000000000), (0.000000717, 0.000000000), (0.000000721, 32.000000000), (0.000000726, 0.000000000), (0.000000793, 32.000000000), (0.000000715, 0.000000000), (0.000000638, 32.000000000), (0.000000839, 0.000000000), (0.000000729, 32.000000000), (0.000000745, 0.000000000), (0.000000729, 32.000000000), (0.000000733, 0.000000000), (0.000000840, 32.000000000), (0.000000729, 0.000000000), (0.000000738, 32.000000000), (0.000000748, 0.000000000), (0.000000620, 32.000000000), (0.000000892, 0.000000000), (0.000000696, 32.000000000), (0.000000731, 0.000000000), (0.000000794, 32.000000000), (0.000000868, 0.000000000), (0.000000795, 32.000000000), (0.000000825, 0.000000000), (0.000000818, 32.000000000), (0.000000734, 0.000000000), (0.000000634, 32.000000000), (0.000000832, 0.000000000), (0.000000795, 32.000000000), (0.000000759, 0.000000000), (0.000000737, 32.000000000), (0.000000809, 0.000000000), (0.000000731, 32.000000000), (0.000000758, 0.000000000), (0.000000758, 32.000000000), (0.000000722, 0.000000000)],
"best_20":[(0.000000793, 32.000000000), (0.000001026, 0.000000000), (0.000000874, 32.000000000), (0.000000910, 0.000000000), (0.000000862, 32.000000000), (0.000000901, 0.000000000), (0.000000927, 32.000000000), (0.000000916, 0.000000000), (0.000000845, 32.000000000), (0.000000869, 0.000000000), (0.000000777, 32.000000000), (0.000001011, 0.000000000), (0.000000824, 32.000000000), (0.000000886, 0.000000000), (0.000000822, 32.000000000), (0.000000875, 0.000000000), (0.000000966, 32.000000000), (0.000000980, 0.000000000), (0.000000988, 32.000000000), (0.000000877, 0.000000000), (0.000000746, 32.000000000), (0.000001083, 0.000000000), (0.000000826, 32.000000000), (0.000000921, 0.000000000), (0.000000823, 32.000000000), (0.000000863, 0.000000000), (0.000000887, 32.000000000), (0.000000852, 0.000000000), (0.000000833, 32.000000000), (0.000000923, 0.000000000), (0.000000853, 32.000000000), (0.000000998, 0.000000000), (0.000000867, 32.000000000), (0.000000902, 0.000000000), (0.000000824, 32.000000000), (0.000000874, 0.000000000), (0.000000837, 32.000000000), (0.000000912, 0.000000000), (0.000000845, 32.000000000), (0.000000892, 0.000000000), (0.000000765, 32.000000000), (0.000001011, 0.000000000), (0.000000841, 32.000000000), (0.000000965, 0.000000000), (0.000000842, 32.000000000), (0.000000878, 0.000000000), (0.000000853, 32.000000000), (0.000000876, 0.000000000), (0.000000850, 32.000000000), (0.000000905, 0.000000000), (0.000000777, 32.000000000), (0.000001015, 0.000000000), (0.000000840, 32.000000000), (0.000000931, 0.000000000), (0.000000829, 32.000000000), (0.000000877, 0.000000000), (0.000000834, 32.000000000), (0.000000875, 0.000000000), (0.000000875, 32.000000000), (0.000000881, 0.000000000), (0.000000781, 32.000000000), (0.000001002, 0.000000000), (0.000000848, 32.000000000), (0.000000930, 0.000000000), (0.000000908, 32.000000000), (0.000000877, 0.000000000), (0.000000841, 32.000000000), (0.000000867, 0.000000000), (0.000000857, 32.000000000), (0.000000954, 0.000000000), (0.000000780, 32.000000000), (0.000000990, 0.000000000), (0.000000833, 32.000000000), (0.000000896, 0.000000000), (0.000000822, 32.000000000), (0.000000945, 0.000000000), (0.000000869, 32.000000000), (0.000000865, 0.000000000), (0.000000858, 32.000000000), (0.000000846, 0.000000000), (0.000000896, 32.000000000), (0.000001234, 0.000000000), (0.000000885, 32.000000000), (0.000001053, 0.000000000), (0.000000988, 32.000000000), (0.000000925, 0.000000000), (0.000000862, 32.000000000), (0.000000888, 0.000000000), (0.000000883, 32.000000000), (0.000000883, 0.000000000), (0.000000784, 32.000000000), (0.000001017, 0.000000000), (0.000000828, 32.000000000), (0.000000887, 0.000000000), (0.000000807, 32.000000000), (0.000000866, 0.000000000), (0.000000839, 32.000000000), (0.000000852, 0.000000000), (0.000000835, 32.000000000), (0.000000841, 0.000000000)],
"best_21":[(0.000001022, 32.000000000), (0.000001422, 0.000000000), (0.000001047, 32.000000000), (0.000001191, 0.000000000), (0.000001051, 32.000000000), (0.000001154, 0.000000000), (0.000001203, 32.000000000), (0.000001161, 0.000000000), (0.000001066, 32.000000000), (0.000001138, 0.000000000), (0.000001071, 32.000000000), (0.000001337, 0.000000000), (0.000001023, 32.000000000), (0.000001160, 0.000000000), (0.000001010, 32.000000000), (0.000001128, 0.000000000), (0.000001021, 32.000000000), (0.000001100, 0.000000000), (0.000001029, 32.000000000), (0.000001083, 0.000000000), (0.000000964, 32.000000000), (0.000001259, 0.000000000), (0.000001005, 32.000000000), (0.000001181, 0.000000000), (0.000001018, 32.000000000), (0.000001137, 0.000000000), (0.000001028, 32.000000000), (0.000001095, 0.000000000), (0.000001020, 32.000000000), (0.000001108, 0.000000000), (0.000000955, 32.000000000), (0.000001252, 0.000000000), (0.000001003, 32.000000000), (0.000001145, 0.000000000), (0.000001078, 32.000000000), (0.000001082, 0.000000000), (0.000000999, 32.000000000), (0.000001062, 0.000000000), (0.000001087, 32.000000000), (0.000001057, 0.000000000), (0.000000999, 32.000000000), (0.000001302, 0.000000000), (0.000001025, 32.000000000), (0.000001170, 0.000000000), (0.000001030, 32.000000000), (0.000001135, 0.000000000), (0.000000950, 32.000000000), (0.000001032, 0.000000000), (0.000000951, 32.000000000), (0.000001021, 0.000000000), (0.000001029, 32.000000000), (0.000001463, 0.000000000), (0.000001074, 32.000000000), (0.000001353, 0.000000000), (0.000000990, 32.000000000), (0.000001025, 0.000000000), (0.000000971, 32.000000000), (0.000001011, 0.000000000), (0.000000955, 32.000000000), (0.000000999, 0.000000000), (0.000000941, 32.000000000), (0.000001221, 0.000000000), (0.000000954, 32.000000000), (0.000001147, 0.000000000), (0.000000946, 32.000000000), (0.000001067, 0.000000000), (0.000000966, 32.000000000), (0.000001040, 0.000000000), (0.000000942, 32.000000000), (0.000001103, 0.000000000), (0.000000847, 32.000000000), (0.000001216, 0.000000000), (0.000000905, 32.000000000), (0.000001077, 0.000000000), (0.000000915, 32.000000000), (0.000001035, 0.000000000), (0.000000944, 32.000000000), (0.000001040, 0.000000000), (0.000000910, 32.000000000), (0.000000977, 0.000000000), (0.000000901, 32.000000000), (0.000001204, 0.000000000), (0.000000965, 32.000000000), (0.000001102, 0.000000000), (0.000000935, 32.000000000), (0.000001049, 0.000000000), (0.000000946, 32.000000000), (0.000001025, 0.000000000), (0.000000961, 32.000000000), (0.000001023, 0.000000000), (0.000000897, 32.000000000), (0.000001180, 0.000000000), (0.000000932, 32.000000000), (0.000001074, 0.000000000), (0.000000942, 32.000000000), (0.000001027, 0.000000000), (0.000001018, 32.000000000), (0.000001041, 0.000000000), (0.000001041, 32.000000000), (0.000001028, 0.000000000)],
"best_22":[(0.000001152, 32.000000000), (0.000001583, 0.000000000), (0.000001203, 32.000000000), (0.000001411, 0.000000000), (0.000001187, 32.000000000), (0.000001344, 0.000000000), (0.000001220, 32.000000000), (0.000001335, 0.000000000), (0.000001196, 32.000000000), (0.000001370, 0.000000000), (0.000001085, 32.000000000), (0.000001542, 0.000000000), (0.000001133, 32.000000000), (0.000001370, 0.000000000), (0.000001247, 32.000000000), (0.000001437, 0.000000000), (0.000001230, 32.000000000), (0.000001378, 0.000000000), (0.000001318, 32.000000000), (0.000001468, 0.000000000), (0.000001151, 32.000000000), (0.000001566, 0.000000000), (0.000001237, 32.000000000), (0.000001496, 0.000000000), (0.000001231, 32.000000000), (0.000001434, 0.000000000), (0.000001391, 32.000000000), (0.000001470, 0.000000000), (0.000001351, 32.000000000), (0.000001361, 0.000000000), (0.000001176, 32.000000000), (0.000001550, 0.000000000), (0.000001260, 32.000000000), (0.000001455, 0.000000000), (0.000001209, 32.000000000), (0.000001412, 0.000000000), (0.000001224, 32.000000000), (0.000001363, 0.000000000), (0.000001241, 32.000000000), (0.000001355, 0.000000000), (0.000001134, 32.000000000), (0.000001614, 0.000000000), (0.000001266, 32.000000000), (0.000001450, 0.000000000), (0.000001221, 32.000000000), (0.000001487, 0.000000000), (0.000001228, 32.000000000), (0.000001373, 0.000000000), (0.000001247, 32.000000000), (0.000001361, 0.000000000), (0.000001258, 32.000000000), (0.000001566, 0.000000000), (0.000001209, 32.000000000), (0.000001581, 0.000000000), (0.000001657, 32.000000000), (0.000001569, 0.000000000), (0.000001378, 32.000000000), (0.000001382, 0.000000000), (0.000001229, 32.000000000), (0.000001349, 0.000000000), (0.000001136, 32.000000000), (0.000001545, 0.000000000), (0.000001250, 32.000000000), (0.000001432, 0.000000000), (0.000001286, 32.000000000), (0.000001383, 0.000000000), (0.000001277, 32.000000000), (0.000001363, 0.000000000), (0.000001297, 32.000000000), (0.000001319, 0.000000000), (0.000001124, 32.000000000), (0.000001599, 0.000000000), (0.000001189, 32.000000000), (0.000001385, 0.000000000), (0.000001200, 32.000000000), (0.000001385, 0.000000000), (0.000001163, 32.000000000), (0.000001348, 0.000000000), (0.000001248, 32.000000000), (0.000001337, 0.000000000), (0.000001142, 32.000000000), (0.000001522, 0.000000000), (0.000001236, 32.000000000), (0.000001407, 0.000000000), (0.000001237, 32.000000000), (0.000001387, 0.000000000), (0.000001284, 32.000000000), (0.000001361, 0.000000000), (0.000001276, 32.000000000), (0.000001335, 0.000000000), (0.000001192, 32.000000000), (0.000001559, 0.000000000), (0.000001209, 32.000000000), (0.000001484, 0.000000000), (0.000001254, 32.000000000), (0.000001405, 0.000000000), (0.000001256, 32.000000000), (0.000001352, 0.000000000), (0.000001245, 32.000000000), (0.000001409, 0.000000000)],
"best_23":[(0.000001626, 32.000000000), (0.000002115, 0.000000000), (0.000001635, 32.000000000), (0.000001880, 0.000000000), (0.000001609, 32.000000000), (0.000001805, 0.000000000), (0.000001703, 32.000000000), (0.000001824, 0.000000000), (0.000001640, 32.000000000), (0.000001822, 0.000000000), (0.000001453, 32.000000000), (0.000001891, 0.000000000), (0.000001485, 32.000000000), (0.000001816, 0.000000000), (0.000001531, 32.000000000), (0.000001699, 0.000000000), (0.000001507, 32.000000000), (0.000001716, 0.000000000), (0.000001523, 32.000000000), (0.000001658, 0.000000000), (0.000001505, 32.000000000), (0.000001778, 0.000000000), (0.000001472, 32.000000000), (0.000001640, 0.000000000), (0.000001463, 32.000000000), (0.000001586, 0.000000000), (0.000001416, 32.000000000), (0.000001606, 0.000000000), (0.000001446, 32.000000000), (0.000001540, 0.000000000), (0.000001286, 32.000000000), (0.000001761, 0.000000000), (0.000001354, 32.000000000), (0.000001631, 0.000000000), (0.000001409, 32.000000000), (0.000001627, 0.000000000), (0.000001409, 32.000000000), (0.000001558, 0.000000000), (0.000001420, 32.000000000), (0.000001514, 0.000000000), (0.000001301, 32.000000000), (0.000001752, 0.000000000), (0.000001476, 32.000000000), (0.000001654, 0.000000000), (0.000001392, 32.000000000), (0.000001577, 0.000000000), (0.000001436, 32.000000000), (0.000001576, 0.000000000), (0.000001417, 32.000000000), (0.000001525, 0.000000000), (0.000001289, 32.000000000), (0.000001788, 0.000000000), (0.000001416, 32.000000000), (0.000001610, 0.000000000), (0.000001411, 32.000000000), (0.000001612, 0.000000000), (0.000001390, 32.000000000), (0.000001572, 0.000000000), (0.000001422, 32.000000000), (0.000001521, 0.000000000), (0.000001497, 32.000000000), (0.000001966, 0.000000000), (0.000001577, 32.000000000), (0.000001803, 0.000000000), (0.000001545, 32.000000000), (0.000001753, 0.000000000), (0.000001577, 32.000000000), (0.000001838, 0.000000000), (0.000001528, 32.000000000), (0.000001676, 0.000000000), (0.000001366, 32.000000000), (0.000001887, 0.000000000), (0.000001568, 32.000000000), (0.000001742, 0.000000000), (0.000001500, 32.000000000), (0.000001759, 0.000000000), (0.000001853, 32.000000000), (0.000001849, 0.000000000), (0.000001681, 32.000000000), (0.000001642, 0.000000000), (0.000001411, 32.000000000), (0.000001930, 0.000000000), (0.000001522, 32.000000000), (0.000001858, 0.000000000), (0.000001567, 32.000000000), (0.000001727, 0.000000000), (0.000001600, 32.000000000), (0.000001685, 0.000000000), (0.000001540, 32.000000000), (0.000001681, 0.000000000), (0.000001390, 32.000000000), (0.000001954, 0.000000000), (0.000001556, 32.000000000), (0.000001762, 0.000000000), (0.000001551, 32.000000000), (0.000001682, 0.000000000), (0.000001530, 32.000000000), (0.000001695, 0.000000000), (0.000001527, 32.000000000), (0.000001655, 0.000000000)],
"best_24":[(0.000001851, 32.000000000), (0.000002418, 0.000000000), (0.000001941, 32.000000000), (0.000002299, 0.000000000), (0.000001921, 32.000000000), (0.000002092, 0.000000000), (0.000002067, 32.000000000), (0.000002052, 0.000000000), (0.000001903, 32.000000000), (0.000002162, 0.000000000), (0.000001592, 32.000000000), (0.000002169, 0.000000000), (0.000001799, 32.000000000), (0.000002002, 0.000000000), (0.000001716, 32.000000000), (0.000001894, 0.000000000), (0.000001706, 32.000000000), (0.000001877, 0.000000000), (0.000001724, 32.000000000), (0.000001830, 0.000000000), (0.000001553, 32.000000000), (0.000002168, 0.000000000), (0.000001696, 32.000000000), (0.000002006, 0.000000000), (0.000001755, 32.000000000), (0.000001926, 0.000000000), (0.000001790, 32.000000000), (0.000002020, 0.000000000), (0.000001901, 32.000000000), (0.000002012, 0.000000000), (0.000001659, 32.000000000), (0.000002390, 0.000000000), (0.000001949, 32.000000000), (0.000002153, 0.000000000), (0.000001886, 32.000000000), (0.000002058, 0.000000000), (0.000001872, 32.000000000), (0.000002010, 0.000000000), (0.000001853, 32.000000000), (0.000002005, 0.000000000), (0.000001746, 32.000000000), (0.000002365, 0.000000000), (0.000001959, 32.000000000), (0.000002142, 0.000000000), (0.000001873, 32.000000000), (0.000002080, 0.000000000), (0.000001893, 32.000000000), (0.000002120, 0.000000000), (0.000001850, 32.000000000), (0.000002006, 0.000000000), (0.000001736, 32.000000000), (0.000002371, 0.000000000), (0.000001859, 32.000000000), (0.000002183, 0.000000000), (0.000001855, 32.000000000), (0.000002064, 0.000000000), (0.000001879, 32.000000000), (0.000002149, 0.000000000), (0.000002193, 32.000000000), (0.000002182, 0.000000000), (0.000001874, 32.000000000), (0.000003010, 0.000000000), (0.000002133, 32.000000000), (0.000002554, 0.000000000), (0.000002166, 32.000000000), (0.000002686, 0.000000000), (0.000002160, 32.000000000), (0.000002376, 0.000000000), (0.000002303, 32.000000000), (0.000002390, 0.000000000), (0.000001683, 32.000000000), (0.000002334, 0.000000000), (0.000001954, 32.000000000), (0.000002111, 0.000000000), (0.000001932, 32.000000000), (0.000002052, 0.000000000), (0.000001844, 32.000000000), (0.000001994, 0.000000000), (0.000001873, 32.000000000), (0.000002018, 0.000000000), (0.000001754, 32.000000000), (0.000002350, 0.000000000), (0.000001853, 32.000000000), (0.000002123, 0.000000000), (0.000001846, 32.000000000), (0.000002037, 0.000000000), (0.000001853, 32.000000000), (0.000002023, 0.000000000), (0.000001848, 32.000000000), (0.000001968, 0.000000000), (0.000001654, 32.000000000), (0.000002322, 0.000000000), (0.000001922, 32.000000000), (0.000002098, 0.000000000), (0.000001866, 32.000000000), (0.000002066, 0.000000000), (0.000001879, 32.000000000), (0.000002003, 0.000000000), (0.000001859, 32.000000000), (0.000001983, 0.000000000)],
"best_25":[(0.000002160, 32.000000000), (0.000002887, 0.000000000), (0.000002095, 32.000000000), (0.000002472, 0.000000000), (0.000002008, 32.000000000), (0.000002320, 0.000000000), (0.000001985, 32.000000000), (0.000002263, 0.000000000), (0.000002025, 32.000000000), (0.000002213, 0.000000000), (0.000001914, 32.000000000), (0.000002747, 0.000000000), (0.000002071, 32.000000000), (0.000002466, 0.000000000), (0.000002138, 32.000000000), (0.000002439, 0.000000000), (0.000002195, 32.000000000), (0.000002419, 0.000000000), (0.000002202, 32.000000000), (0.000002377, 0.000000000), (0.000001897, 32.000000000), (0.000002715, 0.000000000), (0.000002101, 32.000000000), (0.000002453, 0.000000000), (0.000002097, 32.000000000), (0.000002612, 0.000000000), (0.000002186, 32.000000000), (0.000002815, 0.000000000), (0.000003254, 32.000000000), (0.000003009, 0.000000000), (0.000001944, 32.000000000), (0.000002798, 0.000000000), (0.000001988, 32.000000000), (0.000002248, 0.000000000), (0.000002011, 32.000000000), (0.000002220, 0.000000000), (0.000001940, 32.000000000), (0.000002126, 0.000000000), (0.000001947, 32.000000000), (0.000002187, 0.000000000), (0.000001883, 32.000000000), (0.000002756, 0.000000000), (0.000002118, 32.000000000), (0.000002667, 0.000000000), (0.000002390, 32.000000000), (0.000002402, 0.000000000), (0.000002152, 32.000000000), (0.000002446, 0.000000000), (0.000002285, 32.000000000), (0.000002465, 0.000000000), (0.000002143, 32.000000000), (0.000002941, 0.000000000), (0.000002205, 32.000000000), (0.000002563, 0.000000000), (0.000002130, 32.000000000), (0.000002519, 0.000000000), (0.000002275, 32.000000000), (0.000002580, 0.000000000), (0.000002370, 32.000000000), (0.000002489, 0.000000000), (0.000001934, 32.000000000), (0.000002579, 0.000000000), (0.000001950, 32.000000000), (0.000002338, 0.000000000), (0.000002133, 32.000000000), (0.000002239, 0.000000000), (0.000002043, 32.000000000), (0.000002176, 0.000000000), (0.000001989, 32.000000000), (0.000002144, 0.000000000), (0.000001896, 32.000000000), (0.000002930, 0.000000000), (0.000002207, 32.000000000), (0.000002877, 0.000000000), (0.000002605, 32.000000000), (0.000002637, 0.000000000), (0.000002149, 32.000000000), (0.000002510, 0.000000000), (0.000002413, 32.000000000), (0.000002394, 0.000000000), (0.000002086, 32.000000000), (0.000003556, 0.000000000), (0.000002351, 32.000000000), (0.000002482, 0.000000000), (0.000002256, 32.000000000), (0.000002574, 0.000000000), (0.000002323, 32.000000000), (0.000002433, 0.000000000), (0.000002174, 32.000000000), (0.000002420, 0.000000000), (0.000002211, 32.000000000), (0.000003204, 0.000000000), (0.000002330, 32.000000000), (0.000002877, 0.000000000), (0.000002294, 32.000000000), (0.000002646, 0.000000000), (0.000002191, 32.000000000), (0.000002464, 0.000000000), (0.000002158, 32.000000000), (0.000002487, 0.000000000)],
"worst_10":[(0.000000243, 32.000000000), (0.000000283, 0.000000000), (0.000000252, 32.000000000), (0.000000294, 0.000000000), (0.000000308, 32.000000000), (0.000000293, 0.000000000), (0.000000297, 32.000000000), (0.000000470, 0.000000000), (0.000000328, 32.000000000), (0.000000362, 0.000000000), (0.000000231, 32.000000000), (0.000000281, 0.000000000), (0.000000249, 32.000000000), (0.000000284, 0.000000000), (0.000000260, 32.000000000), (0.000000288, 0.000000000), (0.000000276, 32.000000000), (0.000000308, 0.000000000), (0.000000307, 32.000000000), (0.000000322, 0.000000000), (0.000000240, 32.000000000), (0.000000276, 0.000000000), (0.000000245, 32.000000000), (0.000000259, 0.000000000), (0.000000257, 32.000000000), (0.000000283, 0.000000000), (0.000000315, 32.000000000), (0.000000315, 0.000000000), (0.000000311, 32.000000000), (0.000000327, 0.000000000), (0.000000252, 32.000000000), (0.000000278, 0.000000000), (0.000000251, 32.000000000), (0.000000282, 0.000000000), (0.000000304, 32.000000000), (0.000000284, 0.000000000), (0.000000294, 32.000000000), (0.000000309, 0.000000000), (0.000000408, 32.000000000), (0.000000348, 0.000000000), (0.000000231, 32.000000000), (0.000000420, 0.000000000), (0.000000276, 32.000000000), (0.000000409, 0.000000000), (0.000000299, 32.000000000), (0.000000347, 0.000000000), (0.000000293, 32.000000000), (0.000000307, 0.000000000), (0.000000306, 32.000000000), (0.000000363, 0.000000000), (0.000000247, 32.000000000), (0.000000267, 0.000000000), (0.000000372, 32.000000000), (0.000000298, 0.000000000), (0.000000293, 32.000000000), (0.000000310, 0.000000000), (0.000000292, 32.000000000), (0.000000323, 0.000000000), (0.000000340, 32.000000000), (0.000000329, 0.000000000), (0.000000240, 32.000000000), (0.000000280, 0.000000000), (0.000000259, 32.000000000), (0.000000279, 0.000000000), (0.000000294, 32.000000000), (0.000000308, 0.000000000), (0.000000327, 32.000000000), (0.000000296, 0.000000000), (0.000000334, 32.000000000), (0.000000308, 0.000000000), (0.000000237, 32.000000000), (0.000000293, 0.000000000), (0.000000230, 32.000000000), (0.000000259, 0.000000000), (0.000000256, 32.000000000), (0.000000264, 0.000000000), (0.000000274, 32.000000000), (0.000000285, 0.000000000), (0.000000436, 32.000000000), (0.000000296, 0.000000000), (0.000000227, 32.000000000), (0.000000260, 0.000000000), (0.000000247, 32.000000000), (0.000000285, 0.000000000), (0.000000307, 32.000000000), (0.000000281, 0.000000000), (0.000000310, 32.000000000), (0.000000298, 0.000000000), (0.000000309, 32.000000000), (0.000000334, 0.000000000), (0.000000262, 32.000000000), (0.000000278, 0.000000000), (0.000000268, 32.000000000), (0.000000291, 0.000000000), (0.000000282, 32.000000000), (0.000000296, 0.000000000), (0.000000331, 32.000000000), (0.000000298, 0.000000000), (0.000000311, 32.000000000), (0.000000351, 0.000000000)],
"worst_11":[(0.000000522, 32.000000000), (0.000000544, 0.000000000), (0.000000466, 32.000000000), (0.000000500, 0.000000000), (0.000000508, 32.000000000), (0.000000692, 0.000000000), (0.000000646, 32.000000000), (0.000000827, 0.000000000), (0.000000630, 32.000000000), (0.000000647, 0.000000000), (0.000000481, 32.000000000), (0.000000506, 0.000000000), (0.000000487, 32.000000000), (0.000000592, 0.000000000), (0.000000500, 32.000000000), (0.000000537, 0.000000000), (0.000000620, 32.000000000), (0.000000515, 0.000000000), (0.000000523, 32.000000000), (0.000000660, 0.000000000), (0.000000472, 32.000000000), (0.000000485, 0.000000000), (0.000000505, 32.000000000), (0.000000477, 0.000000000), (0.000000666, 32.000000000), (0.000000517, 0.000000000), (0.000000516, 32.000000000), (0.000000571, 0.000000000), (0.000000523, 32.000000000), (0.000000538, 0.000000000), (0.000000448, 32.000000000), (0.000000473, 0.000000000), (0.000000557, 32.000000000), (0.000000474, 0.000000000), (0.000000498, 32.000000000), (0.000000485, 0.000000000), (0.000000730, 32.000000000), (0.000000657, 0.000000000), (0.000000781, 32.000000000), (0.000000715, 0.000000000), (0.000000509, 32.000000000), (0.000000470, 0.000000000), (0.000000477, 32.000000000), (0.000000604, 0.000000000), (0.000000472, 32.000000000), (0.000000507, 0.000000000), (0.000000586, 32.000000000), (0.000000520, 0.000000000), (0.000000540, 32.000000000), (0.000000556, 0.000000000), (0.000000606, 32.000000000), (0.000000581, 0.000000000), (0.000000496, 32.000000000), (0.000000484, 0.000000000), (0.000000510, 32.000000000), (0.000000521, 0.000000000), (0.000000511, 32.000000000), (0.000000608, 0.000000000), (0.000000515, 32.000000000), (0.000000533, 0.000000000), (0.000000481, 32.000000000), (0.000000491, 0.000000000), (0.000000464, 32.000000000), (0.000000519, 0.000000000), (0.000000492, 32.000000000), (0.000000498, 0.000000000), (0.000000514, 32.000000000), (0.000000515, 0.000000000), (0.000000545, 32.000000000), (0.000000701, 0.000000000), (0.000000440, 32.000000000), (0.000000489, 0.000000000), (0.000000494, 32.000000000), (0.000000476, 0.000000000), (0.000000529, 32.000000000), (0.000000501, 0.000000000), (0.000000514, 32.000000000), (0.000000677, 0.000000000), (0.000000606, 32.000000000), (0.000000518, 0.000000000), (0.000000496, 32.000000000), (0.000000629, 0.000000000), (0.000000545, 32.000000000), (0.000000722, 0.000000000), (0.000000640, 32.000000000), (0.000000636, 0.000000000), (0.000000706, 32.000000000), (0.000000634, 0.000000000), (0.000000550, 32.000000000), (0.000000537, 0.000000000), (0.000000427, 32.000000000), (0.000000488, 0.000000000), (0.000000474, 32.000000000), (0.000000486, 0.000000000), (0.000000654, 32.000000000), (0.000000648, 0.000000000), (0.000000609, 32.000000000), (0.000000829, 0.000000000), (0.000000681, 32.000000000), (0.000000594, 0.000000000)],
"worst_12":[(0.000000830, 32.000000000), (0.000000937, 0.000000000), (0.000000860, 32.000000000), (0.000000909, 0.000000000), (0.000000864, 32.000000000), (0.000000905, 0.000000000), (0.000000957, 32.000000000), (0.000000950, 0.000000000), (0.000001191, 32.000000000), (0.000000997, 0.000000000), (0.000000843, 32.000000000), (0.000000799, 0.000000000), (0.000000925, 32.000000000), (0.000000921, 0.000000000), (0.000000994, 32.000000000), (0.000000972, 0.000000000), (0.000000993, 32.000000000), (0.000000960, 0.000000000), (0.000000976, 32.000000000), (0.000000956, 0.000000000), (0.000000853, 32.000000000), (0.000000940, 0.000000000), (0.000001160, 32.000000000), (0.000000922, 0.000000000), (0.000000970, 32.000000000), (0.000001260, 0.000000000), (0.000001343, 32.000000000), (0.000001372, 0.000000000), (0.000001225, 32.000000000), (0.000001212, 0.000000000), (0.000001342, 32.000000000), (0.000001220, 0.000000000), (0.000001222, 32.000000000), (0.000001027, 0.000000000), (0.000001157, 32.000000000), (0.000001175, 0.000000000), (0.000001040, 32.000000000), (0.000000953, 0.000000000), (0.000000961, 32.000000000), (0.000000958, 0.000000000), (0.000000938, 32.000000000), (0.000000973, 0.000000000), (0.000001118, 32.000000000), (0.000000902, 0.000000000), (0.000000986, 32.000000000), (0.000000957, 0.000000000), (0.000000905, 32.000000000), (0.000000927, 0.000000000), (0.000000913, 32.000000000), (0.000000841, 0.000000000), (0.000000858, 32.000000000), (0.000000830, 0.000000000), (0.000000948, 32.000000000), (0.000000806, 0.000000000), (0.000000798, 32.000000000), (0.000000816, 0.000000000), (0.000000835, 32.000000000), (0.000000909, 0.000000000), (0.000000862, 32.000000000), (0.000000814, 0.000000000), (0.000000818, 32.000000000), (0.000000849, 0.000000000), (0.000000820, 32.000000000), (0.000000781, 0.000000000), (0.000000807, 32.000000000), (0.000000839, 0.000000000), (0.000000878, 32.000000000), (0.000000801, 0.000000000), (0.000000842, 32.000000000), (0.000000830, 0.000000000), (0.000000853, 32.000000000), (0.000000797, 0.000000000), (0.000000813, 32.000000000), (0.000000774, 0.000000000), (0.000000811, 32.000000000), (0.000000959, 0.000000000), (0.000001054, 32.000000000), (0.000001013, 0.000000000), (0.000000980, 32.000000000), (0.000000849, 0.000000000), (0.000000784, 32.000000000), (0.000000938, 0.000000000), (0.000000824, 32.000000000), (0.000000793, 0.000000000), (0.000000822, 32.000000000), (0.000000898, 0.000000000), (0.000000948, 32.000000000), (0.000000872, 0.000000000), (0.000000846, 32.000000000), (0.000000828, 0.000000000), (0.000000797, 32.000000000), (0.000000763, 0.000000000), (0.000001262, 32.000000000), (0.000001221, 0.000000000), (0.000001359, 32.000000000), (0.000001296, 0.000000000), (0.000001233, 32.000000000), (0.000001351, 0.000000000), (0.000001189, 32.000000000), (0.000001284, 0.000000000)],
"worst_13":[(0.000001358, 32.000000000), (0.000002045, 0.000000000), (0.000001498, 32.000000000), (0.000001202, 0.000000000), (0.000001266, 32.000000000), (0.000001219, 0.000000000), (0.000001603, 32.000000000), (0.000001203, 0.000000000), (0.000001338, 32.000000000), (0.000001274, 0.000000000), (0.000001144, 32.000000000), (0.000001012, 0.000000000), (0.000001081, 32.000000000), (0.000001047, 0.000000000), (0.000001104, 32.000000000), (0.000001029, 0.000000000), (0.000001153, 32.000000000), (0.000001142, 0.000000000), (0.000001114, 32.000000000), (0.000001031, 0.000000000), (0.000001053, 32.000000000), (0.000001026, 0.000000000), (0.000001059, 32.000000000), (0.000001041, 0.000000000), (0.000001093, 32.000000000), (0.000001057, 0.000000000), (0.000001083, 32.000000000), (0.000001103, 0.000000000), (0.000001059, 32.000000000), (0.000001068, 0.000000000), (0.000001065, 32.000000000), (0.000001176, 0.000000000), (0.000001040, 32.000000000), (0.000001059, 0.000000000), (0.000001061, 32.000000000), (0.000001021, 0.000000000), (0.000001057, 32.000000000), (0.000001032, 0.000000000), (0.000001051, 32.000000000), (0.000001036, 0.000000000), (0.000001001, 32.000000000), (0.000001016, 0.000000000), (0.000001043, 32.000000000), (0.000001048, 0.000000000), (0.000001056, 32.000000000), (0.000001028, 0.000000000), (0.000001048, 32.000000000), (0.000001039, 0.000000000), (0.000001047, 32.000000000), (0.000001041, 0.000000000), (0.000001036, 32.000000000), (0.000001008, 0.000000000), (0.000001066, 32.000000000), (0.000000994, 0.000000000), (0.000001050, 32.000000000), (0.000001025, 0.000000000), (0.000001136, 32.000000000), (0.000001040, 0.000000000), (0.000001062, 32.000000000), (0.000001056, 0.000000000), (0.000001315, 32.000000000), (0.000001133, 0.000000000), (0.000001144, 32.000000000), (0.000001091, 0.000000000), (0.000001082, 32.000000000), (0.000001030, 0.000000000), (0.000001186, 32.000000000), (0.000001045, 0.000000000), (0.000001067, 32.000000000), (0.000001214, 0.000000000), (0.000001003, 32.000000000), (0.000001001, 0.000000000), (0.000001203, 32.000000000), (0.000001232, 0.000000000), (0.000001204, 32.000000000), (0.000001213, 0.000000000), (0.000001234, 32.000000000), (0.000001366, 0.000000000), (0.000001278, 32.000000000), (0.000001244, 0.000000000), (0.000001173, 32.000000000), (0.000001235, 0.000000000), (0.000001125, 32.000000000), (0.000001022, 0.000000000), (0.000001187, 32.000000000), (0.000001158, 0.000000000), (0.000001244, 32.000000000), (0.000001184, 0.000000000), (0.000001288, 32.000000000), (0.000001226, 0.000000000), (0.000001063, 32.000000000), (0.000001014, 0.000000000), (0.000001036, 32.000000000), (0.000001013, 0.000000000), (0.000001082, 32.000000000), (0.000001034, 0.000000000), (0.000001060, 32.000000000), (0.000001028, 0.000000000), (0.000001061, 32.000000000), (0.000001030, 0.000000000)],
"worst_14":[(0.000001529, 32.000000000), (0.000001405, 0.000000000), (0.000001439, 32.000000000), (0.000001388, 0.000000000), (0.000001461, 32.000000000), (0.000001374, 0.000000000), (0.000001588, 32.000000000), (0.000001527, 0.000000000), (0.000001595, 32.000000000), (0.000001549, 0.000000000), (0.000001671, 32.000000000), (0.000001628, 0.000000000), (0.000001489, 32.000000000), (0.000001477, 0.000000000), (0.000001492, 32.000000000), (0.000001531, 0.000000000), (0.000001586, 32.000000000), (0.000001587, 0.000000000), (0.000001579, 32.000000000), (0.000001502, 0.000000000), (0.000001686, 32.000000000), (0.000001690, 0.000000000), (0.000001566, 32.000000000), (0.000001483, 0.000000000), (0.000001637, 32.000000000), (0.000001719, 0.000000000), (0.000001748, 32.000000000), (0.000001910, 0.000000000), (0.000001807, 32.000000000), (0.000001744, 0.000000000), (0.000001576, 32.000000000), (0.000001473, 0.000000000), (0.000001567, 32.000000000), (0.000001534, 0.000000000), (0.000001560, 32.000000000), (0.000001537, 0.000000000), (0.000001543, 32.000000000), (0.000001543, 0.000000000), (0.000001610, 32.000000000), (0.000001501, 0.000000000), (0.000001421, 32.000000000), (0.000001593, 0.000000000), (0.000001569, 32.000000000), (0.000001527, 0.000000000), (0.000001622, 32.000000000), (0.000001549, 0.000000000), (0.000001675, 32.000000000), (0.000001499, 0.000000000), (0.000001575, 32.000000000), (0.000001642, 0.000000000), (0.000001428, 32.000000000), (0.000001453, 0.000000000), (0.000001497, 32.000000000), (0.000001505, 0.000000000), (0.000001496, 32.000000000), (0.000001508, 0.000000000), (0.000001647, 32.000000000), (0.000001518, 0.000000000), (0.000001568, 32.000000000), (0.000001572, 0.000000000), (0.000001452, 32.000000000), (0.000001510, 0.000000000), (0.000001541, 32.000000000), (0.000001482, 0.000000000), (0.000001618, 32.000000000), (0.000001579, 0.000000000), (0.000001616, 32.000000000), (0.000001486, 0.000000000), (0.000001692, 32.000000000), (0.000001532, 0.000000000), (0.000001422, 32.000000000), (0.000001472, 0.000000000), (0.000001610, 32.000000000), (0.000001469, 0.000000000), (0.000001552, 32.000000000), (0.000001493, 0.000000000), (0.000001604, 32.000000000), (0.000001551, 0.000000000), (0.000001521, 32.000000000), (0.000001644, 0.000000000), (0.000001507, 32.000000000), (0.000001472, 0.000000000), (0.000001522, 32.000000000), (0.000001578, 0.000000000), (0.000001610, 32.000000000), (0.000001490, 0.000000000), (0.000001643, 32.000000000), (0.000001520, 0.000000000), (0.000001574, 32.000000000), (0.000001597, 0.000000000), (0.000001504, 32.000000000), (0.000001465, 0.000000000), (0.000001569, 32.000000000), (0.000001570, 0.000000000), (0.000001536, 32.000000000), (0.000001547, 0.000000000), (0.000001540, 32.000000000), (0.000001503, 0.000000000), (0.000001663, 32.000000000), (0.000001501, 0.000000000)],
"worst_15":[(0.000002373, 32.000000000), (0.000002268, 0.000000000), (0.000002347, 32.000000000), (0.000002226, 0.000000000), (0.000002876, 32.000000000), (0.000002745, 0.000000000), (0.000003066, 32.000000000), (0.000003118, 0.000000000), (0.000002500, 32.000000000), (0.000002220, 0.000000000), (0.000002053, 32.000000000), (0.000002013, 0.000000000), (0.000002198, 32.000000000), (0.000002061, 0.000000000), (0.000002177, 32.000000000), (0.000002071, 0.000000000), (0.000002129, 32.000000000), (0.000002034, 0.000000000), (0.000002133, 32.000000000), (0.000002108, 0.000000000), (0.000002031, 32.000000000), (0.000002059, 0.000000000), (0.000002264, 32.000000000), (0.000002007, 0.000000000), (0.000002144, 32.000000000), (0.000002022, 0.000000000), (0.000002152, 32.000000000), (0.000002006, 0.000000000), (0.000002637, 32.000000000), (0.000002335, 0.000000000), (0.000002053, 32.000000000), (0.000002069, 0.000000000), (0.000002166, 32.000000000), (0.000002025, 0.000000000), (0.000002188, 32.000000000), (0.000002039, 0.000000000), (0.000002166, 32.000000000), (0.000002034, 0.000000000), (0.000002139, 32.000000000), (0.000002034, 0.000000000), (0.000001984, 32.000000000), (0.000002033, 0.000000000), (0.000002210, 32.000000000), (0.000002145, 0.000000000), (0.000002276, 32.000000000), (0.000002212, 0.000000000), (0.000002316, 32.000000000), (0.000002160, 0.000000000), (0.000002297, 32.000000000), (0.000002252, 0.000000000), (0.000002141, 32.000000000), (0.000002294, 0.000000000), (0.000002319, 32.000000000), (0.000002216, 0.000000000), (0.000002328, 32.000000000), (0.000002168, 0.000000000), (0.000002280, 32.000000000), (0.000002189, 0.000000000), (0.000002387, 32.000000000), (0.000002338, 0.000000000), (0.000002157, 32.000000000), (0.000002218, 0.000000000), (0.000002301, 32.000000000), (0.000002206, 0.000000000), (0.000002362, 32.000000000), (0.000002179, 0.000000000), (0.000002309, 32.000000000), (0.000002221, 0.000000000), (0.000002444, 32.000000000), (0.000002226, 0.000000000), (0.000002231, 32.000000000), (0.000002184, 0.000000000), (0.000002252, 32.000000000), (0.000002144, 0.000000000), (0.000002256, 32.000000000), (0.000002204, 0.000000000), (0.000002389, 32.000000000), (0.000002201, 0.000000000), (0.000002285, 32.000000000), (0.000002230, 0.000000000), (0.000002154, 32.000000000), (0.000002234, 0.000000000), (0.000002264, 32.000000000), (0.000002172, 0.000000000), (0.000002287, 32.000000000), (0.000002279, 0.000000000), (0.000002331, 32.000000000), (0.000002200, 0.000000000), (0.000002289, 32.000000000), (0.000002183, 0.000000000), (0.000002120, 32.000000000), (0.000002169, 0.000000000), (0.000002260, 32.000000000), (0.000002172, 0.000000000), (0.000002372, 32.000000000), (0.000002219, 0.000000000), (0.000002397, 32.000000000), (0.000002149, 0.000000000), (0.000002211, 32.000000000), (0.000002162, 0.000000000)],
"worst_16":[(0.000004274, 32.000000000), (0.000003566, 0.000000000), (0.000003638, 32.000000000), (0.000003125, 0.000000000), (0.000003356, 32.000000000), (0.000003201, 0.000000000), (0.000003501, 32.000000000), (0.000002983, 0.000000000), (0.000003286, 32.000000000), (0.000003084, 0.000000000), (0.000002759, 32.000000000), (0.000002781, 0.000000000), (0.000003086, 32.000000000), (0.000002763, 0.000000000), (0.000002925, 32.000000000), (0.000002752, 0.000000000), (0.000002911, 32.000000000), (0.000002917, 0.000000000), (0.000002937, 32.000000000), (0.000002826, 0.000000000), (0.000002820, 32.000000000), (0.000002880, 0.000000000), (0.000003012, 32.000000000), (0.000002733, 0.000000000), (0.000002771, 32.000000000), (0.000002541, 0.000000000), (0.000002848, 32.000000000), (0.000002700, 0.000000000), (0.000002801, 32.000000000), (0.000002590, 0.000000000), (0.000002543, 32.000000000), (0.000002617, 0.000000000), (0.000002833, 32.000000000), (0.000002560, 0.000000000), (0.000002703, 32.000000000), (0.000002566, 0.000000000), (0.000002779, 32.000000000), (0.000002611, 0.000000000), (0.000002994, 32.000000000), (0.000002803, 0.000000000), (0.000004459, 32.000000000), (0.000002902, 0.000000000), (0.000003113, 32.000000000), (0.000002882, 0.000000000), (0.000003187, 32.000000000), (0.000002934, 0.000000000), (0.000003171, 32.000000000), (0.000003024, 0.000000000), (0.000003290, 32.000000000), (0.000003185, 0.000000000), (0.000002562, 32.000000000), (0.000002542, 0.000000000), (0.000002889, 32.000000000), (0.000002665, 0.000000000), (0.000002761, 32.000000000), (0.000002631, 0.000000000), (0.000002806, 32.000000000), (0.000002624, 0.000000000), (0.000002805, 32.000000000), (0.000002618, 0.000000000), (0.000002645, 32.000000000), (0.000002616, 0.000000000), (0.000002831, 32.000000000), (0.000002614, 0.000000000), (0.000002815, 32.000000000), (0.000002613, 0.000000000), (0.000002892, 32.000000000), (0.000002572, 0.000000000), (0.000002838, 32.000000000), (0.000002693, 0.000000000), (0.000002862, 32.000000000), (0.000002848, 0.000000000), (0.000003015, 32.000000000), (0.000002805, 0.000000000), (0.000002923, 32.000000000), (0.000002799, 0.000000000), (0.000002995, 32.000000000), (0.000002890, 0.000000000), (0.000003001, 32.000000000), (0.000002797, 0.000000000), (0.000002791, 32.000000000), (0.000002797, 0.000000000), (0.000003035, 32.000000000), (0.000002866, 0.000000000), (0.000003121, 32.000000000), (0.000002843, 0.000000000), (0.000003021, 32.000000000), (0.000002840, 0.000000000), (0.000002945, 32.000000000), (0.000002748, 0.000000000), (0.000002594, 32.000000000), (0.000002589, 0.000000000), (0.000002891, 32.000000000), (0.000002579, 0.000000000), (0.000002754, 32.000000000), (0.000002577, 0.000000000), (0.000003009, 32.000000000), (0.000003186, 0.000000000), (0.000003155, 32.000000000), (0.000002829, 0.000000000)],
