"best_15":[(0.000000186, 40.000000000), (0.000000219, 0.000000000), (0.000000206, 40.000000000), (0.000000232, 0.000000000), (0.000000229, 40.000000000), (0.000000247, 0.000000000), (0.000000240, 40.000000000), (0.000000259, 0.000000000), (0.000000255, 40.000000000), (0.000000411, 0.000000000), (0.000000194, 40.000000000), (0.000000225, 0.000000000), (0.000000206, 40.000000000), (0.000000269, 0.000000000), (0.000000239, 40.000000000), (0.000000259, 0.000000000), (0.000000244, 40.000000000), (0.000000262, 0.000000000), (0.000000333, 40.000000000), (0.000000283, 0.000000000), (0.000000179, 40.000000000), (0.000000226, 0.000000000), (0.000000211, 40.000000000), (0.000000225, 0.000000000), (0.000000220, 40.000000000), (0.000000247, 0.000000000), (0.000000258, 40.000000000), (0.000000253, 0.000000000), (0.000000329, 40.000000000), (0.000000296, 0.000000000), (0.000000190, 40.000000000), (0.000000228, 0.000000000), (0.000000218, 40.000000000), (0.000000351, 0.000000000), (0.000000236, 40.000000000), (0.000000267, 0.000000000), (0.000000248, 40.000000000), (0.000000279, 0.000000000), (0.000000251, 40.000000000), (0.000000328, 0.000000000), (0.000000245, 40.000000000), (0.000000223, 0.000000000), (0.000000214, 40.000000000), (0.000000238, 0.000000000), (0.000000239, 40.000000000), (0.000000261, 0.000000000), (0.000000247, 40.000000000), (0.000000264, 0.000000000), (0.000000315, 40.000000000), (0.000000281, 0.000000000), (0.000000197, 40.000000000), (0.000000262, 0.000000000), (0.000000212, 40.000000000), (0.000000230, 0.000000000), (0.000000274, 40.000000000), (0.000000248, 0.000000000), (0.000000233, 40.000000000), (0.000000271, 0.000000000), (0.000000256, 40.000000000), (0.000000467, 0.000000000), (0.000000194, 40.000000000), (0.000000257, 0.000000000), (0.000000216, 40.000000000), (0.000000241, 0.000000000), (0.000000241, 40.000000000), (0.000000257, 0.000000000), (0.000000302, 40.000000000), (0.000000250, 0.000000000), (0.000000354, 40.000000000), (0.000000275, 0.000000000), (0.000000193, 40.000000000), (0.000000216, 0.000000000), (0.000000203, 40.000000000), (0.000000245, 0.000000000), (0.000000249, 40.000000000), (0.000000360, 0.000000000), (0.000000385, 40.000000000), (0.000000380, 0.000000000), (0.000000257, 40.000000000), (0.000000292, 0.000000000), (0.000000191, 40.000000000), (0.000000228, 0.000000000), (0.000000275, 40.000000000), (0.000000232, 0.000000000), (0.000000375, 40.000000000), (0.000000260, 0.000000000), (0.000000241, 40.000000000), (0.000000271, 0.000000000), (0.000000303, 40.000000000), (0.000000361, 0.000000000), (0.000000217, 40.000000000), (0.000000223, 0.000000000), (0.000000215, 40.000000000), (0.000000245, 0.000000000), (0.000000261, 40.000000000), (0.000000334, 0.000000000), (0.000000248, 40.000000000), (0.000000261, 0.000000000), (0.000000360, 40.000000000), (0.000000285, 0.000000000)],
"best_16":[(0.000000360, 40.000000000), (0.000000297, 0.000000000), (0.000000306, 40.000000000), (0.000000291, 0.000000000), (0.000000290, 40.000000000), (0.000000315, 0.000000000), (0.000000309, 40.000000000), (0.000000341, 0.000000000), (0.000000335, 40.000000000), (0.000000345, 0.000000000), (0.000000246, 40.000000000), (0.000000307, 0.000000000), (0.000000358, 40.000000000), (0.000000315, 0.000000000), (0.000000299, 40.000000000), (0.000000335, 0.000000000), (0.000000313, 40.000000000), (0.000000329, 0.000000000), (0.000000319, 40.000000000), (0.000000341, 0.000000000), (0.000000268, 40.000000000), (0.000000306, 0.000000000), (0.000000298, 40.000000000), (0.000000318, 0.000000000), (0.000000299, 40.000000000), (0.000000319, 0.000000000), (0.000000312, 40.000000000), (0.000000329, 0.000000000), (0.000000337, 40.000000000), (0.000000361, 0.000000000), (0.000000266, 40.000000000), (0.000000287, 0.000000000), (0.000000305, 40.000000000), (0.000000285, 0.000000000), (0.000000327, 40.000000000), (0.000000422, 0.000000000), (0.000000565, 40.000000000), (0.000000657, 0.000000000), (0.000000560, 40.000000000), (0.000000645, 0.000000000), (0.000000344, 40.000000000), (0.000000401, 0.000000000), (0.000000329, 40.000000000), (0.000000385, 0.000000000), (0.000000339, 40.000000000), (0.000000379, 0.000000000), (0.000000337, 40.000000000), (0.000000512, 0.000000000), (0.000000400, 40.000000000), (0.000000637, 0.000000000), (0.000000273, 40.000000000), (0.000000307, 0.000000000), (0.000000359, 40.000000000), (0.000000325, 0.000000000), (0.000000295, 40.000000000), (0.000000309, 0.000000000), (0.000000311, 40.000000000), (0.000000319, 0.000000000), (0.000000334, 40.000000000), (0.000000356, 0.000000000), (0.000000338, 40.000000000), (0.000000283, 0.000000000), (0.000000413, 40.000000000), (0.000000300, 0.000000000), (0.000000438, 40.000000000), (0.000000373, 0.000000000), (0.000000417, 40.000000000), (0.000000329, 0.000000000), (0.000000469, 40.000000000), (0.000000345, 0.000000000), (0.000000270, 40.000000000), (0.000000323, 0.000000000), (0.000000285, 40.000000000), (0.000000314, 0.000000000), (0.000000294, 40.000000000), (0.000000336, 0.000000000), (0.000000300, 40.000000000), (0.000000337, 0.000000000), (0.000000317, 40.000000000), (0.000000337, 0.000000000), (0.000000254, 40.000000000), (0.000000351, 0.000000000), (0.000000267, 40.000000000), (0.000000320, 0.000000000), (0.000000292, 40.000000000), (0.000000311, 0.000000000), (0.000000304, 40.000000000), (0.000000317, 0.000000000), (0.000000327, 40.000000000), (0.000000341, 0.000000000), (0.000000246, 40.000000000), (0.000000346, 0.000000000), (0.000000321, 40.000000000), (0.000000469, 0.000000000), (0.000000515, 40.000000000), (0.000000333, 0.000000000), (0.000000513, 40.000000000), (0.000000441, 0.000000000), (0.000000542, 40.000000000), (0.000000488, 0.000000000)],
"best_17":[(0.000000407, 40.000000000), (0.000000408, 0.000000000), (0.000000413, 40.000000000), (0.000000407, 0.000000000), (0.000000405, 40.000000000), (0.000000475, 0.000000000), (0.000000428, 40.000000000), (0.000000657, 0.000000000), (0.000000446, 40.000000000), (0.000000581, 0.000000000), (0.000000349, 40.000000000), (0.000000569, 0.000000000), (0.000000415, 40.000000000), (0.000000413, 0.000000000), (0.000000455, 40.000000000), (0.000000442, 0.000000000), (0.000000517, 40.000000000), (0.000000483, 0.000000000), (0.000000483, 40.000000000), (0.000000489, 0.000000000), (0.000000352, 40.000000000), (0.000000424, 0.000000000), (0.000000391, 40.000000000), (0.000000470, 0.000000000), (0.000000407, 40.000000000), (0.000000485, 0.000000000), (0.000000436, 40.000000000), (0.000000451, 0.000000000), (0.000000457, 40.000000000), (0.000000466, 0.000000000), (0.000000377, 40.000000000), (0.000000420, 0.000000000), (0.000000407, 40.000000000), (0.000000419, 0.000000000), (0.000000444, 40.000000000), (0.000000416, 0.000000000), (0.000000434, 40.000000000), (0.000000478, 0.000000000), (0.000000448, 40.000000000), (0.000000455, 0.000000000), (0.000000354, 40.000000000), (0.000000428, 0.000000000), (0.000000429, 40.000000000), (0.000000413, 0.000000000), (0.000000427, 40.000000000), (0.000000430, 0.000000000), (0.000000442, 40.000000000), (0.000000447, 0.000000000), (0.000000462, 40.000000000), (0.000000513, 0.000000000), (0.000000373, 40.000000000), (0.000000472, 0.000000000), (0.000000399, 40.000000000), (0.000000417, 0.000000000), (0.000000492, 40.000000000), (0.000000435, 0.000000000), (0.000000452, 40.000000000), (0.000000449, 0.000000000), (0.000000453, 40.000000000), (0.000000496, 0.000000000), (0.000000366, 40.000000000), (0.000000458, 0.000000000), (0.000000399, 40.000000000), (0.000000421, 0.000000000), (0.000000518, 40.000000000), (0.000000437, 0.000000000), (0.000000503, 40.000000000), (0.000000458, 0.000000000), (0.000000467, 40.000000000), (0.000000464, 0.000000000), (0.000000339, 40.000000000), (0.000000448, 0.000000000), (0.000000384, 40.000000000), (0.000000476, 0.000000000), (0.000000422, 40.000000000), (0.000000499, 0.000000000), (0.000000427, 40.000000000), (0.000000445, 0.000000000), (0.000000443, 40.000000000), (0.000000456, 0.000000000), (0.000000393, 40.000000000), (0.000000453, 0.000000000), (0.000000423, 40.000000000), (0.000000438, 0.000000000), (0.000000421, 40.000000000), (0.000000425, 0.000000000), (0.000000425, 40.000000000), (0.000000510, 0.000000000), (0.000000419, 40.000000000), (0.000000427, 0.000000000), (0.000000331, 40.000000000), (0.000000414, 0.000000000), (0.000000370, 40.000000000), (0.000000383, 0.000000000), (0.000000399, 40.000000000), (0.000000401, 0.000000000), (0.000000415, 40.000000000), (0.000000446, 0.000000000), (0.000000439, 40.000000000), (0.000000427, 0.000000000)],
"best_18":[(0.000000458, 40.000000000), (0.000000579, 0.000000000), (0.000000531, 40.000000000), (0.000000562, 0.000000000), (0.000000530, 40.000000000), (0.000000546, 0.000000000), (0.000000552, 40.000000000), (0.000000577, 0.000000000), (0.000000566, 40.000000000), (0.000000555, 0.000000000), (0.000000451, 40.000000000), (0.000000573, 0.000000000), (0.000000509, 40.000000000), (0.000000555, 0.000000000), (0.000000525, 40.000000000), (0.000000539, 0.000000000), (0.000000549, 40.000000000), (0.000000548, 0.000000000), (0.000000605, 40.000000000), (0.000000564, 0.000000000), (0.000000474, 40.000000000), (0.000000578, 0.000000000), (0.000000522, 40.000000000), (0.000000538, 0.000000000), (0.000000675, 40.000000000), (0.000000544, 0.000000000), (0.000000541, 40.000000000), (0.000000556, 0.000000000), (0.000000563, 40.000000000), (0.000000553, 0.000000000), (0.000000463, 40.000000000), (0.000000567, 0.000000000), (0.000000522, 40.000000000), (0.000000538, 0.000000000), (0.000000528, 40.000000000), (0.000000587, 0.000000000), (0.000000547, 40.000000000), (0.000000559, 0.000000000), (0.000000665, 40.000000000), (0.000000564, 0.000000000), (0.000000471, 40.000000000), (0.000000570, 0.000000000), (0.000000505, 40.000000000), (0.000000640, 0.000000000), (0.000000528, 40.000000000), (0.000000534, 0.000000000), (0.000000654, 40.000000000), (0.000000541, 0.000000000), (0.000000553, 40.000000000), (0.000000571, 0.000000000), (0.000000457, 40.000000000), (0.000000574, 0.000000000), (0.000000518, 40.000000000), (0.000000533, 0.000000000), (0.000000598, 40.000000000), (0.000000541, 0.000000000), (0.000000545, 40.000000000), (0.000000546, 0.000000000), (0.000000581, 40.000000000), (0.000000566, 0.000000000), (0.000000446, 40.000000000), (0.000000572, 0.000000000), (0.000000561, 40.000000000), (0.000000527, 0.000000000), (0.000000537, 40.000000000), (0.000000556, 0.000000000), (0.000000545, 40.000000000), (0.000000553, 0.000000000), (0.000000590, 40.000000000), (0.000000561, 0.000000000), (0.000000451, 40.000000000), (0.000000579, 0.000000000), (0.000000500, 40.000000000), (0.000000546, 0.000000000), (0.000000525, 40.000000000), (0.000000644, 0.000000000), (0.000000706, 40.000000000), (0.000000698, 0.000000000), (0.000000703, 40.000000000), (0.000000682, 0.000000000), (0.000000470, 40.000000000), (0.000000560, 0.000000000), (0.000000509, 40.000000000), (0.000000553, 0.000000000), (0.000000535, 40.000000000), (0.000000535, 0.000000000), (0.000000546, 40.000000000), (0.000000550, 0.000000000), (0.000000735, 40.000000000), (0.000000587, 0.000000000), (0.000000472, 40.000000000), (0.000000596, 0.000000000), (0.000000526, 40.000000000), (0.000000536, 0.000000000), (0.000000601, 40.000000000), (0.000000605, 0.000000000), (0.000000570, 40.000000000), (0.000000572, 0.000000000), (0.000000557, 40.000000000), (0.000000586, 0.000000000)],
"best_19":[(0.000000649, 40.000000000), (0.000000825, 0.000000000), (0.000000657, 40.000000000), (0.000000676, 0.000000000), (0.000000647, 40.000000000), (0.000000666, 0.000000000), (0.000000646, 40.000000000), (0.000000677, 0.000000000), (0.000000681, 40.000000000), (0.000000698, 0.000000000), (0.000000568, 40.000000000), (0.000000733, 0.000000000), (0.000000635, 40.000000000), (0.000000697, 0.000000000), (0.000000672, 40.000000000), (0.000000663, 0.000000000), (0.000000664, 40.000000000), (0.000000693, 0.000000000), (0.000000689, 40.000000000), (0.000000672, 0.000000000), (0.000000580, 40.000000000), (0.000000759, 0.000000000), (0.000000635, 40.000000000), (0.000000674, 0.000000000), (0.000000748, 40.000000000), (0.000000654, 0.000000000), (0.000000656, 40.000000000), (0.000000664, 0.000000000), (0.000000679, 40.000000000), (0.000000666, 0.000000000), (0.000000586, 40.000000000), (0.000000749, 0.000000000), (0.000000627, 40.000000000), (0.000000664, 0.000000000), (0.000000649, 40.000000000), (0.000000654, 0.000000000), (0.000000697, 40.000000000), (0.000000660, 0.000000000), (0.000000672, 40.000000000), (0.000000674, 0.000000000), (0.000000592, 40.000000000), (0.000000769, 0.000000000), (0.000000670, 40.000000000), (0.000000689, 0.000000000), (0.000000641, 40.000000000), (0.000000665, 0.000000000), (0.000000721, 40.000000000), (0.000000684, 0.000000000), (0.000000663, 40.000000000), (0.000000678, 0.000000000), (0.000000575, 40.000000000), (0.000000742, 0.000000000), (0.000000640, 40.000000000), (0.000000678, 0.000000000), (0.000000660, 40.000000000), (0.000000666, 0.000000000), (0.000000703, 40.000000000), (0.000000687, 0.000000000), (0.000000685, 40.000000000), (0.000000665, 0.000000000), (0.000000563, 40.000000000), (0.000000755, 0.000000000), (0.000000654, 40.000000000), (0.000000683, 0.000000000), (0.000000660, 40.000000000), (0.000000692, 0.000000000), (0.000000687, 40.000000000), (0.000000677, 0.000000000), (0.000000677, 40.000000000), (0.000000686, 0.000000000), (0.000000582, 40.000000000), (0.000000781, 0.000000000), (0.000000642, 40.000000000), (0.000000672, 0.000000000), (0.000000668, 40.000000000), (0.000000674, 0.000000000), (0.000000679, 40.000000000), (0.000000674, 0.000000000), (0.000000683, 40.000000000), (0.000000667, 0.000000000), (0.000000584, 40.000000000), (0.000000746, 0.000000000), (0.000000659, 40.000000000), (0.000000674, 0.000000000), (0.000000644, 40.000000000), (0.000000671, 0.000000000), (0.000000681, 40.000000000), (0.000000673, 0.000000000), (0.000000679, 40.000000000), (0.000000677, 0.000000000), (0.000000594, 40.000000000), (0.000000773, 0.000000000), (0.000000625, 40.000000000), (0.000000667, 0.000000000), (0.000000641, 40.000000000), (0.000000651, 0.000000000), (0.000000686, 40.000000000), (0.000000648, 0.000000000), (0.000000658, 40.000000000), (0.000000707, 0.000000000)],
"best_20":[(0.000000689, 40.000000000), (0.000000925, 0.000000000), (0.000000900, 40.000000000), (0.000000906, 0.000000000), (0.000000914, 40.000000000), (0.000000863, 0.000000000), (0.000000850, 40.000000000), (0.000000878, 0.000000000), (0.000000815, 40.000000000), (0.000000819, 0.000000000), (0.000000765, 40.000000000), (0.000000937, 0.000000000), (0.000000877, 40.000000000), (0.000000819, 0.000000000), (0.000000766, 40.000000000), (0.000000783, 0.000000000), (0.000000757, 40.000000000), (0.000000832, 0.000000000), (0.000000781, 40.000000000), (0.000000784, 0.000000000), (0.000000703, 40.000000000), (0.000000895, 0.000000000), (0.000000762, 40.000000000), (0.000000804, 0.000000000), (0.000000846, 40.000000000), (0.000000800, 0.000000000), (0.000000767, 40.000000000), (0.000000795, 0.000000000), (0.000000759, 40.000000000), (0.000000781, 0.000000000), (0.000000657, 40.000000000), (0.000000904, 0.000000000), (0.000000733, 40.000000000), (0.000000819, 0.000000000), (0.000000813, 40.000000000), (0.000000783, 0.000000000), (0.000000777, 40.000000000), (0.000000831, 0.000000000), (0.000000769, 40.000000000), (0.000000788, 0.000000000), (0.000000692, 40.000000000), (0.000000882, 0.000000000), (0.000000753, 40.000000000), (0.000000833, 0.000000000), (0.000000773, 40.000000000), (0.000000782, 0.000000000), (0.000000786, 40.000000000), (0.000000765, 0.000000000), (0.000000768, 40.000000000), (0.000000860, 0.000000000), (0.000000735, 40.000000000), (0.000000954, 0.000000000), (0.000000744, 40.000000000), (0.000000807, 0.000000000), (0.000000741, 40.000000000), (0.000000784, 0.000000000), (0.000000778, 40.000000000), (0.000000783, 0.000000000), (0.000000782, 40.000000000), (0.000000786, 0.000000000), (0.000000686, 40.000000000), (0.000000937, 0.000000000), (0.000000749, 40.000000000), (0.000000810, 0.000000000), (0.000000815, 40.000000000), (0.000000793, 0.000000000), (0.000000799, 40.000000000), (0.000000778, 0.000000000), (0.000000774, 40.000000000), (0.000000840, 0.000000000), (0.000000744, 40.000000000), (0.000000936, 0.000000000), (0.000000728, 40.000000000), (0.000000813, 0.000000000), (0.000000748, 40.000000000), (0.000000795, 0.000000000), (0.000000777, 40.000000000), (0.000000818, 0.000000000), (0.000000766, 40.000000000), (0.000000762, 0.000000000), (0.000000716, 40.000000000), (0.000000898, 0.000000000), (0.000000743, 40.000000000), (0.000000808, 0.000000000), (0.000000745, 40.000000000), (0.000000808, 0.000000000), (0.000000757, 40.000000000), (0.000000781, 0.000000000), (0.000000768, 40.000000000), (0.000000781, 0.000000000), (0.000000704, 40.000000000), (0.000000930, 0.000000000), (0.000000760, 40.000000000), (0.000000811, 0.000000000), (0.000000748, 40.000000000), (0.000000812, 0.000000000), (0.000000766, 40.000000000), (0.000000783, 0.000000000), (0.000000768, 40.000000000), (0.000000776, 0.000000000)],
"best_21":[(0.000000942, 40.000000000), (0.000001184, 0.000000000), (0.000000950, 40.000000000), (0.000001101, 0.000000000), (0.000000948, 40.000000000), (0.000001030, 0.000000000), (0.000000955, 40.000000000), (0.000001032, 0.000000000), (0.000000976, 40.000000000), (0.000001043, 0.000000000), (0.000000854, 40.000000000), (0.000001131, 0.000000000), (0.000000949, 40.000000000), (0.000001067, 0.000000000), (0.000000933, 40.000000000), (0.000000983, 0.000000000), (0.000000954, 40.000000000), (0.000000979, 0.000000000), (0.000001006, 40.000000000), (0.000000996, 0.000000000), (0.000000854, 40.000000000), (0.000001160, 0.000000000), (0.000000895, 40.000000000), (0.000001019, 0.000000000), (0.000000925, 40.000000000), (0.000001006, 0.000000000), (0.000000907, 40.000000000), (0.000000973, 0.000000000), (0.000000916, 40.000000000), (0.000000978, 0.000000000), (0.000000868, 40.000000000), (0.000001150, 0.000000000), (0.000000906, 40.000000000), (0.000001034, 0.000000000), (0.000000923, 40.000000000), (0.000001022, 0.000000000), (0.000000928, 40.000000000), (0.000000988, 0.000000000), (0.000000933, 40.000000000), (0.000000989, 0.000000000), (0.000000797, 40.000000000), (0.000001119, 0.000000000), (0.000000871, 40.000000000), (0.000001026, 0.000000000), (0.000000925, 40.000000000), (0.000001015, 0.000000000), (0.000000893, 40.000000000), (0.000001023, 0.000000000), (0.000000903, 40.000000000), (0.000000957, 0.000000000), (0.000000848, 40.000000000), (0.000001141, 0.000000000), (0.000000905, 40.000000000), (0.000001026, 0.000000000), (0.000000915, 40.000000000), (0.000001003, 0.000000000), (0.000000914, 40.000000000), (0.000000976, 0.000000000), (0.000000911, 40.000000000), (0.000000966, 0.000000000), (0.000000847, 40.000000000), (0.000001101, 0.000000000), (0.000000856, 40.000000000), (0.000001002, 0.000000000), (0.000000868, 40.000000000), (0.000000966, 0.000000000), (0.000000883, 40.000000000), (0.000000976, 0.000000000), (0.000000950, 40.000000000), (0.000000925, 0.000000000), (0.000000856, 40.000000000), (0.000001159, 0.000000000), (0.000000907, 40.000000000), (0.000001016, 0.000000000), (0.000000887, 40.000000000), (0.000000971, 0.000000000), (0.000000902, 40.000000000), (0.000000965, 0.000000000), (0.000000915, 40.000000000), (0.000000980, 0.000000000), (0.000000817, 40.000000000), (0.000001126, 0.000000000), (0.000000860, 40.000000000), (0.000000998, 0.000000000), (0.000000882, 40.000000000), (0.000000959, 0.000000000), (0.000000878, 40.000000000), (0.000000931, 0.000000000), (0.000000887, 40.000000000), (0.000000952, 0.000000000), (0.000000860, 40.000000000), (0.000001145, 0.000000000), (0.000000899, 40.000000000), (0.000001040, 0.000000000), (0.000000916, 40.000000000), (0.000001016, 0.000000000), (0.000000923, 40.000000000), (0.000000963, 0.000000000), (0.000000903, 40.000000000), (0.000000948, 0.000000000)],
"best_22":[(0.000001205, 40.000000000), (0.000001473, 0.000000000), (0.000001167, 40.000000000), (0.000001369, 0.000000000), (0.000001153, 40.000000000), (0.000001335, 0.000000000), (0.000001256, 40.000000000), (0.000001291, 0.000000000), (0.000001181, 40.000000000), (0.000001356, 0.000000000), (0.000001222, 40.000000000), (0.000001542, 0.000000000), (0.000001179, 40.000000000), (0.000001399, 0.000000000), (0.000001172, 40.000000000), (0.000001339, 0.000000000), (0.000001166, 40.000000000), (0.000001311, 0.000000000), (0.000001219, 40.000000000), (0.000001277, 0.000000000), (0.000001213, 40.000000000), (0.000001491, 0.000000000), (0.000001192, 40.000000000), (0.000001388, 0.000000000), (0.000001222, 40.000000000), (0.000001429, 0.000000000), (0.000001217, 40.000000000), (0.000001332, 0.000000000), (0.000001204, 40.000000000), (0.000001310, 0.000000000), (0.000001062, 40.000000000), (0.000001544, 0.000000000), (0.000001180, 40.000000000), (0.000001399, 0.000000000), (0.000001160, 40.000000000), (0.000001313, 0.000000000), (0.000001193, 40.000000000), (0.000001276, 0.000000000), (0.000001166, 40.000000000), (0.000001263, 0.000000000), (0.000001095, 40.000000000), (0.000001502, 0.000000000), (0.000001153, 40.000000000), (0.000001323, 0.000000000), (0.000001141, 40.000000000), (0.000001285, 0.000000000), (0.000001127, 40.000000000), (0.000001231, 0.000000000), (0.000001154, 40.000000000), (0.000001277, 0.000000000), (0.000001082, 40.000000000), (0.000001530, 0.000000000), (0.000001132, 40.000000000), (0.000001369, 0.000000000), (0.000001155, 40.000000000), (0.000001285, 0.000000000), (0.000001157, 40.000000000), (0.000001248, 0.000000000), (0.000001143, 40.000000000), (0.000001251, 0.000000000), (0.000001050, 40.000000000), (0.000001485, 0.000000000), (0.000001125, 40.000000000), (0.000001314, 0.000000000), (0.000001227, 40.000000000), (0.000001470, 0.000000000), (0.000001385, 40.000000000), (0.000001322, 0.000000000), (0.000001175, 40.000000000), (0.000001262, 0.000000000), (0.000001122, 40.000000000), (0.000001493, 0.000000000), (0.000001134, 40.000000000), (0.000001311, 0.000000000), (0.000001207, 40.000000000), (0.000001381, 0.000000000), (0.000001140, 40.000000000), (0.000001274, 0.000000000), (0.000001155, 40.000000000), (0.000001233, 0.000000000), (0.000001083, 40.000000000), (0.000001524, 0.000000000), (0.000001130, 40.000000000), (0.000001376, 0.000000000), (0.000001114, 40.000000000), (0.000001286, 0.000000000), (0.000001111, 40.000000000), (0.000001265, 0.000000000), (0.000001120, 40.000000000), (0.000001233, 0.000000000), (0.000001105, 40.000000000), (0.000001506, 0.000000000), (0.000001122, 40.000000000), (0.000001306, 0.000000000), (0.000001154, 40.000000000), (0.000001337, 0.000000000), (0.000001129, 40.000000000), (0.000001277, 0.000000000), (0.000001142, 40.000000000), (0.000001225, 0.000000000)],
"best_23":[(0.000002303, 40.000000000), (0.000002813, 0.000000000), (0.000001652, 40.000000000), (0.000002208, 0.000000000), (0.000001569, 40.000000000), (0.000001819, 0.000000000), (0.000001565, 40.000000000), (0.000001748, 0.000000000), (0.000001478, 40.000000000), (0.000001635, 0.000000000), (0.000001274, 40.000000000), (0.000001749, 0.000000000), (0.000001373, 40.000000000), (0.000001637, 0.000000000), (0.000001482, 40.000000000), (0.000001546, 0.000000000), (0.000001463, 40.000000000), (0.000001537, 0.000000000), (0.000001398, 40.000000000), (0.000001505, 0.000000000), (0.000001283, 40.000000000), (0.000001740, 0.000000000), (0.000001360, 40.000000000), (0.000001673, 0.000000000), (0.000001426, 40.000000000), (0.000001563, 0.000000000), (0.000001391, 40.000000000), (0.000001536, 0.000000000), (0.000001394, 40.000000000), (0.000001538, 0.000000000), (0.000001361, 40.000000000), (0.000001781, 0.000000000), (0.000001433, 40.000000000), (0.000001668, 0.000000000), (0.000001467, 40.000000000), (0.000001601, 0.000000000), (0.000001429, 40.000000000), (0.000001556, 0.000000000), (0.000001411, 40.000000000), (0.000001547, 0.000000000), (0.000001315, 40.000000000), (0.000001732, 0.000000000), (0.000001356, 40.000000000), (0.000001584, 0.000000000), (0.000001350, 40.000000000), (0.000001535, 0.000000000), (0.000001402, 40.000000000), (0.000001502, 0.000000000), (0.000001385, 40.000000000), (0.000001499, 0.000000000), (0.000001306, 40.000000000), (0.000001738, 0.000000000), (0.000001440, 40.000000000), (0.000001711, 0.000000000), (0.000001610, 40.000000000), (0.000001764, 0.000000000), (0.000001439, 40.000000000), (0.000001547, 0.000000000), (0.000001388, 40.000000000), (0.000001501, 0.000000000), (0.000001419, 40.000000000), (0.000001759, 0.000000000), (0.000001408, 40.000000000), (0.000001640, 0.000000000), (0.000001382, 40.000000000), (0.000001571, 0.000000000), (0.000001400, 40.000000000), (0.000001530, 0.000000000), (0.000001407, 40.000000000), (0.000001602, 0.000000000), (0.000001291, 40.000000000), (0.000001749, 0.000000000), (0.000001359, 40.000000000), (0.000001616, 0.000000000), (0.000001383, 40.000000000), (0.000001551, 0.000000000), (0.000001366, 40.000000000), (0.000001500, 0.000000000), (0.000001444, 40.000000000), (0.000001521, 0.000000000), (0.000001330, 40.000000000), (0.000001733, 0.000000000), (0.000001481, 40.000000000), (0.000001731, 0.000000000), (0.000001367, 40.000000000), (0.000001575, 0.000000000), (0.000001386, 40.000000000), (0.000001554, 0.000000000), (0.000001422, 40.000000000), (0.000001510, 0.000000000), (0.000001282, 40.000000000), (0.000001735, 0.000000000), (0.000001373, 40.000000000), (0.000001601, 0.000000000), (0.000001371, 40.000000000), (0.000001541, 0.000000000), (0.000001393, 40.000000000), (0.000001525, 0.000000000), (0.000001379, 40.000000000), (0.000001504, 0.000000000)],
"best_24":[(0.000001576, 40.000000000), (0.000002151, 0.000000000), (0.000001697, 40.000000000), (0.000002062, 0.000000000), (0.000001731, 40.000000000), (0.000001928, 0.000000000), (0.000001806, 40.000000000), (0.000001880, 0.000000000), (0.000001706, 40.000000000), (0.000001819, 0.000000000), (0.000001493, 40.000000000), (0.000002136, 0.000000000), (0.000001676, 40.000000000), (0.000001916, 0.000000000), (0.000001643, 40.000000000), (0.000001864, 0.000000000), (0.000001662, 40.000000000), (0.000001796, 0.000000000), (0.000001647, 40.000000000), (0.000001766, 0.000000000), (0.000001636, 40.000000000), (0.000002352, 0.000000000), (0.000001918, 40.000000000), (0.000002232, 0.000000000), (0.000001949, 40.000000000), (0.000002100, 0.000000000), (0.000001615, 40.000000000), (0.000001798, 0.000000000), (0.000001624, 40.000000000), (0.000001751, 0.000000000), (0.000001944, 40.000000000), (0.000002400, 0.000000000), (0.000002086, 40.000000000), (0.000002216, 0.000000000), (0.000002088, 40.000000000), (0.000002394, 0.000000000), (0.000001939, 40.000000000), (0.000002119, 0.000000000), (0.000002108, 40.000000000), (0.000002139, 0.000000000), (0.000001812, 40.000000000), (0.000002670, 0.000000000), (0.000002258, 40.000000000), (0.000002398, 0.000000000), (0.000001742, 40.000000000), (0.000001864, 0.000000000), (0.000001697, 40.000000000), (0.000001808, 0.000000000), (0.000001635, 40.000000000), (0.000001759, 0.000000000), (0.000001908, 40.000000000), (0.000002646, 0.000000000), (0.000002060, 40.000000000), (0.000001975, 0.000000000), (0.000002044, 40.000000000), (0.000002079, 0.000000000), (0.000002254, 40.000000000), (0.000002501, 0.000000000), (0.000002231, 40.000000000), (0.000002315, 0.000000000), (0.000001544, 40.000000000), (0.000002102, 0.000000000), (0.000001632, 40.000000000), (0.000001950, 0.000000000), (0.000001928, 40.000000000), (0.000001896, 0.000000000), (0.000001723, 40.000000000), (0.000002014, 0.000000000), (0.000001652, 40.000000000), (0.000001830, 0.000000000), (0.000001541, 40.000000000), (0.000002111, 0.000000000), (0.000001927, 40.000000000), (0.000002061, 0.000000000), (0.000001699, 40.000000000), (0.000001894, 0.000000000), (0.000001771, 40.000000000), (0.000001905, 0.000000000), (0.000001942, 40.000000000), (0.000001977, 0.000000000), (0.000001498, 40.000000000), (0.000002171, 0.000000000), (0.000001693, 40.000000000), (0.000001946, 0.000000000), (0.000001673, 40.000000000), (0.000001936, 0.000000000), (0.000001655, 40.000000000), (0.000001844, 0.000000000), (0.000001683, 40.000000000), (0.000001777, 0.000000000), (0.000001458, 40.000000000), (0.000002077, 0.000000000), (0.000001670, 40.000000000), (0.000001952, 0.000000000), (0.000001686, 40.000000000), (0.000001837, 0.000000000), (0.000001647, 40.000000000), (0.000001840, 0.000000000), (0.000001690, 40.000000000), (0.000001756, 0.000000000)],
"best_25":[(0.000001925, 40.000000000), (0.000002659, 0.000000000), (0.000002287, 40.000000000), (0.000002586, 0.000000000), (0.000002229, 40.000000000), (0.000002950, 0.000000000), (0.000002215, 40.000000000), (0.000002451, 0.000000000), (0.000002242, 40.000000000), (0.000002596, 0.000000000), (0.000001712, 40.000000000), (0.000002556, 0.000000000), (0.000001929, 40.000000000), (0.000002288, 0.000000000), (0.000001894, 40.000000000), (0.000002413, 0.000000000), (0.000002024, 40.000000000), (0.000002159, 0.000000000), (0.000001958, 40.000000000), (0.000002330, 0.000000000), (0.000001677, 40.000000000), (0.000002464, 0.000000000), (0.000001903, 40.000000000), (0.000002223, 0.000000000), (0.000001892, 40.000000000), (0.000002182, 0.000000000), (0.000001913, 40.000000000), (0.000002094, 0.000000000), (0.000001900, 40.000000000), (0.000002087, 0.000000000), (0.000001757, 40.000000000), (0.000002475, 0.000000000), (0.000001911, 40.000000000), (0.000002262, 0.000000000), (0.000001967, 40.000000000), (0.000002191, 0.000000000), (0.000001952, 40.000000000), (0.000002210, 0.000000000), (0.000001934, 40.000000000), (0.000002272, 0.000000000), (0.000001786, 40.000000000), (0.000002475, 0.000000000), (0.000001898, 40.000000000), (0.000002207, 0.000000000), (0.000001895, 40.000000000), (0.000002138, 0.000000000), (0.000001923, 40.000000000), (0.000002114, 0.000000000), (0.000001917, 40.000000000), (0.000002151, 0.000000000), (0.000001681, 40.000000000), (0.000002541, 0.000000000), (0.000001900, 40.000000000), (0.000002443, 0.000000000), (0.000002011, 40.000000000), (0.000002354, 0.000000000), (0.000001914, 40.000000000), (0.000002144, 0.000000000), (0.000001919, 40.000000000), (0.000002095, 0.000000000), (0.000001694, 40.000000000), (0.000002480, 0.000000000), (0.000001909, 40.000000000), (0.000002221, 0.000000000), (0.000001909, 40.000000000), (0.000002164, 0.000000000), (0.000001922, 40.000000000), (0.000002147, 0.000000000), (0.000001904, 40.000000000), (0.000002073, 0.000000000), (0.000001708, 40.000000000), (0.000002487, 0.000000000), (0.000001930, 40.000000000), (0.000002266, 0.000000000), (0.000001916, 40.000000000), (0.000002145, 0.000000000), (0.000001915, 40.000000000), (0.000002098, 0.000000000), (0.000001939, 40.000000000), (0.000002114, 0.000000000), (0.000001671, 40.000000000), (0.000002502, 0.000000000), (0.000001918, 40.000000000), (0.000002214, 0.000000000), (0.000001895, 40.000000000), (0.000002134, 0.000000000), (0.000001928, 40.000000000), (0.000002187, 0.000000000), (0.000001956, 40.000000000), (0.000002077, 0.000000000), (0.000001689, 40.000000000), (0.000002536, 0.000000000), (0.000001927, 40.000000000), (0.000002256, 0.000000000), (0.000001932, 40.000000000), (0.000002157, 0.000000000), (0.000001883, 40.000000000), (0.000002094, 0.000000000), (0.000002181, 40.000000000), (0.000002322, 0.000000000)],
"worst_10":[(0.000000202, 40.000000000), (0.000000236, 0.000000000), (0.000000263, 40.000000000), (0.000000237, 0.000000000), (0.000000239, 40.000000000), (0.000000260, 0.000000000), (0.000000239, 40.000000000), (0.000000289, 0.000000000), (0.000000261, 40.000000000), (0.000000293, 0.000000000), (0.000000213, 40.000000000), (0.000000243, 0.000000000), (0.000000211, 40.000000000), (0.000000254, 0.000000000), (0.000000230, 40.000000000), (0.000000251, 0.000000000), (0.000000283, 40.000000000), (0.000000275, 0.000000000), (0.000000263, 40.000000000), (0.000000282, 0.000000000), (0.000000229, 40.000000000), (0.000000247, 0.000000000), (0.000000209, 40.000000000), (0.000000245, 0.000000000), (0.000000274, 40.000000000), (0.000000244, 0.000000000), (0.000000254, 40.000000000), (0.000000277, 0.000000000), (0.000000270, 40.000000000), (0.000000286, 0.000000000), (0.000000204, 40.000000000), (0.000000239, 0.000000000), (0.000000245, 40.000000000), (0.000000239, 0.000000000), (0.000000246, 40.000000000), (0.000000250, 0.000000000), (0.000000243, 40.000000000), (0.000000279, 0.000000000), (0.000000284, 40.000000000), (0.000000280, 0.000000000), (0.000000215, 40.000000000), (0.000000239, 0.000000000), (0.000000215, 40.000000000), (0.000000249, 0.000000000), (0.000000235, 40.000000000), (0.000000266, 0.000000000), (0.000000239, 40.000000000), (0.000000274, 0.000000000), (0.000000259, 40.000000000), (0.000000279, 0.000000000), (0.000000212, 40.000000000), (0.000000244, 0.000000000), (0.000000222, 40.000000000), (0.000000244, 0.000000000), (0.000000310, 40.000000000), (0.000000289, 0.000000000), (0.000000245, 40.000000000), (0.000000234, 0.000000000), (0.000000249, 40.000000000), (0.000000259, 0.000000000), (0.000000217, 40.000000000), (0.000000231, 0.000000000), (0.000000225, 40.000000000), (0.000000250, 0.000000000), (0.000000228, 40.000000000), (0.000000225, 0.000000000), (0.000000225, 40.000000000), (0.000000251, 0.000000000), (0.000000245, 40.000000000), (0.000000280, 0.000000000), (0.000000214, 40.000000000), (0.000000243, 0.000000000), (0.000000210, 40.000000000), (0.000000226, 0.000000000), (0.000000223, 40.000000000), (0.000000238, 0.000000000), (0.000000241, 40.000000000), (0.000000246, 0.000000000), (0.000000249, 40.000000000), (0.000000263, 0.000000000), (0.000000221, 40.000000000), (0.000000217, 0.000000000), (0.000000211, 40.000000000), (0.000000224, 0.000000000), (0.000000248, 40.000000000), (0.000000242, 0.000000000), (0.000000233, 40.000000000), (0.000000256, 0.000000000), (0.000000241, 40.000000000), (0.000000251, 0.000000000), (0.000000200, 40.000000000), (0.000000290, 0.000000000), (0.000000239, 40.000000000), (0.000000238, 0.000000000), (0.000000235, 40.000000000), (0.000000239, 0.000000000), (0.000000241, 40.000000000), (0.000000248, 0.000000000), (0.000000255, 40.000000000), (0.000000271, 0.000000000)],
"worst_11":[(0.000000400, 40.000000000), (0.000000479, 0.000000000), (0.000000448, 40.000000000), (0.000000445, 0.000000000), (0.000000588, 40.000000000), (0.000000654, 0.000000000), (0.000000667, 40.000000000), (0.000000522, 0.000000000), (0.000000610, 40.000000000), (0.000000526, 0.000000000), (0.000000400, 40.000000000), (0.000000393, 0.000000000), (0.000000430, 40.000000000), (0.000000439, 0.000000000), (0.000000511, 40.000000000), (0.000000445, 0.000000000), (0.000000485, 40.000000000), (0.000000507, 0.000000000), (0.000000466, 40.000000000), (0.000000604, 0.000000000), (0.000000404, 40.000000000), (0.000000432, 0.000000000), (0.000000412, 40.000000000), (0.000000513, 0.000000000), (0.000000435, 40.000000000), (0.000000452, 0.000000000), (0.000000585, 40.000000000), (0.000000486, 0.000000000), (0.000000485, 40.000000000), (0.000000483, 0.000000000), (0.000000404, 40.000000000), (0.000000427, 0.000000000), (0.000000410, 40.000000000), (0.000000448, 0.000000000), (0.000000433, 40.000000000), (0.000000581, 0.000000000), (0.000000455, 40.000000000), (0.000000476, 0.000000000), (0.000000476, 40.000000000), (0.000000480, 0.000000000), (0.000000487, 40.000000000), (0.000000431, 0.000000000), (0.000000415, 40.000000000), (0.000000435, 0.000000000), (0.000000435, 40.000000000), (0.000000474, 0.000000000), (0.000000444, 40.000000000), (0.000000477, 0.000000000), (0.000000446, 40.000000000), (0.000000485, 0.000000000), (0.000000390, 40.000000000), (0.000000436, 0.000000000), (0.000000412, 40.000000000), (0.000000445, 0.000000000), (0.000000435, 40.000000000), (0.000000464, 0.000000000), (0.000000477, 40.000000000), (0.000000461, 0.000000000), (0.000000454, 40.000000000), (0.000000474, 0.000000000), (0.000000389, 40.000000000), (0.000000424, 0.000000000), (0.000000414, 40.000000000), (0.000000440, 0.000000000), (0.000000413, 40.000000000), (0.000000445, 0.000000000), (0.000000443, 40.000000000), (0.000000465, 0.000000000), (0.000000457, 40.000000000), (0.000000488, 0.000000000), (0.000000383, 40.000000000), (0.000000433, 0.000000000), (0.000000407, 40.000000000), (0.000000435, 0.000000000), (0.000000472, 40.000000000), (0.000000428, 0.000000000), (0.000000510, 40.000000000), (0.000000454, 0.000000000), (0.000000504, 40.000000000), (0.000000492, 0.000000000), (0.000000404, 40.000000000), (0.000000437, 0.000000000), (0.000000407, 40.000000000), (0.000000515, 0.000000000), (0.000000439, 40.000000000), (0.000000453, 0.000000000), (0.000000447, 40.000000000), (0.000000462, 0.000000000), (0.000000465, 40.000000000), (0.000000478, 0.000000000), (0.000000397, 40.000000000), (0.000000430, 0.000000000), (0.000000465, 40.000000000), (0.000000440, 0.000000000), (0.000000432, 40.000000000), (0.000000468, 0.000000000), (0.000000454, 40.000000000), (0.000000481, 0.000000000), (0.000000459, 40.000000000), (0.000000489, 0.000000000)],
"worst_12":[(0.000000684, 40.000000000), (0.000000829, 0.000000000), (0.000000764, 40.000000000), (0.000000721, 0.000000000), (0.000000748, 40.000000000), (0.000000737, 0.000000000), (0.000000745, 40.000000000), (0.000000730, 0.000000000), (0.000000808, 40.000000000), (0.000000805, 0.000000000), (0.000000706, 40.000000000), (0.000000686, 0.000000000), (0.000000708, 40.000000000), (0.000000697, 0.000000000), (0.000000741, 40.000000000), (0.000000708, 0.000000000), (0.000000753, 40.000000000), (0.000000745, 0.000000000), (0.000000754, 40.000000000), (0.000000771, 0.000000000), (0.000000673, 40.000000000), (0.000000686, 0.000000000), (0.000000712, 40.000000000), (0.000000744, 0.000000000), (0.000000705, 40.000000000), (0.000000718, 0.000000000), (0.000000913, 40.000000000), (0.000000975, 0.000000000), (0.000000898, 40.000000000), (0.000001080, 0.000000000), (0.000000920, 40.000000000), (0.000000830, 0.000000000), (0.000000951, 40.000000000), (0.000000928, 0.000000000), (0.000000871, 40.000000000), (0.000001013, 0.000000000), (0.000001018, 40.000000000), (0.000001001, 0.000000000), (0.000001023, 40.000000000), (0.000001008, 0.000000000), (0.000000710, 40.000000000), (0.000000894, 0.000000000), (0.000001006, 40.000000000), (0.000000865, 0.000000000), (0.000001028, 40.000000000), (0.000000949, 0.000000000), (0.000000924, 40.000000000), (0.000001005, 0.000000000), (0.000001141, 40.000000000), (0.000001040, 0.000000000), (0.000000942, 40.000000000), (0.000000821, 0.000000000), (0.000000720, 40.000000000), (0.000000704, 0.000000000), (0.000000713, 40.000000000), (0.000000790, 0.000000000), (0.000000734, 40.000000000), (0.000000725, 0.000000000), (0.000000723, 40.000000000), (0.000000743, 0.000000000), (0.000000778, 40.000000000), (0.000000695, 0.000000000), (0.000000725, 40.000000000), (0.000000704, 0.000000000), (0.000000829, 40.000000000), (0.000000836, 0.000000000), (0.000000938, 40.000000000), (0.000000893, 0.000000000), (0.000000998, 40.000000000), (0.000000778, 0.000000000), (0.000000674, 40.000000000), (0.000000700, 0.000000000), (0.000000712, 40.000000000), (0.000000704, 0.000000000), (0.000000724, 40.000000000), (0.000000720, 0.000000000), (0.000000798, 40.000000000), (0.000000746, 0.000000000), (0.000000731, 40.000000000), (0.000000722, 0.000000000), (0.000000659, 40.000000000), (0.000000715, 0.000000000), (0.000000728, 40.000000000), (0.000000692, 0.000000000), (0.000000720, 40.000000000), (0.000000721, 0.000000000), (0.000000849, 40.000000000), (0.000000735, 0.000000000), (0.000000739, 40.000000000), (0.000000740, 0.000000000), (0.000000663, 40.000000000), (0.000000693, 0.000000000), (0.000000837, 40.000000000), (0.000000726, 0.000000000), (0.000000725, 40.000000000), (0.000000724, 0.000000000), (0.000000732, 40.000000000), (0.000000740, 0.000000000), (0.000000736, 40.000000000), (0.000000740, 0.000000000)],
"worst_13":[(0.000001084, 40.000000000), (0.000001034, 0.000000000), (0.000001078, 40.000000000), (0.000001018, 0.000000000), (0.000001046, 40.000000000), (0.000001022, 0.000000000), (0.000001137, 40.000000000), (0.000001067, 0.000000000), (0.000001068, 40.000000000), (0.000001019, 0.000000000), (0.000001045, 40.000000000), (0.000000977, 0.000000000), (0.000001090, 40.000000000), (0.000001010, 0.000000000), (0.000001040, 40.000000000), (0.000001006, 0.000000000), (0.000001037, 40.000000000), (0.000000991, 0.000000000), (0.000001038, 40.000000000), (0.000001012, 0.000000000), (0.000001032, 40.000000000), (0.000000998, 0.000000000), (0.000001028, 40.000000000), (0.000001001, 0.000000000), (0.000001040, 40.000000000), (0.000001011, 0.000000000), (0.000001036, 40.000000000), (0.000001022, 0.000000000), (0.000001040, 40.000000000), (0.000001026, 0.000000000), (0.000001307, 40.000000000), (0.000001345, 0.000000000), (0.000001458, 40.000000000), (0.000001405, 0.000000000), (0.000001451, 40.000000000), (0.000001366, 0.000000000), (0.000001510, 40.000000000), (0.000001357, 0.000000000), (0.000001416, 40.000000000), (0.000001365, 0.000000000), (0.000000994, 40.000000000), (0.000000989, 0.000000000), (0.000001029, 40.000000000), (0.000001072, 0.000000000), (0.000001036, 40.000000000), (0.000000996, 0.000000000), (0.000001046, 40.000000000), (0.000001013, 0.000000000), (0.000001043, 40.000000000), (0.000001038, 0.000000000), (0.000001001, 40.000000000), (0.000001032, 0.000000000), (0.000001076, 40.000000000), (0.000001026, 0.000000000), (0.000001059, 40.000000000), (0.000001083, 0.000000000), (0.000001116, 40.000000000), (0.000001061, 0.000000000), (0.000001060, 40.000000000), (0.000001035, 0.000000000), (0.000001002, 40.000000000), (0.000001055, 0.000000000), (0.000001300, 40.000000000), (0.000001289, 0.000000000), (0.000001186, 40.000000000), (0.000001224, 0.000000000), (0.000001050, 40.000000000), (0.000001039, 0.000000000), (0.000001064, 40.000000000), (0.000001037, 0.000000000), (0.000000992, 40.000000000), (0.000001013, 0.000000000), (0.000001087, 40.000000000), (0.000001077, 0.000000000), (0.000001034, 40.000000000), (0.000001031, 0.000000000), (0.000001047, 40.000000000), (0.000001015, 0.000000000), (0.000001049, 40.000000000), (0.000001037, 0.000000000), (0.000001016, 40.000000000), (0.000000998, 0.000000000), (0.000001067, 40.000000000), (0.000001099, 0.000000000), (0.000001053, 40.000000000), (0.000001077, 0.000000000), (0.000001060, 40.000000000), (0.000001014, 0.000000000), (0.000001063, 40.000000000), (0.000001030, 0.000000000), (0.000000985, 40.000000000), (0.000001004, 0.000000000), (0.000001039, 40.000000000), (0.000001008, 0.000000000), (0.000001033, 40.000000000), (0.000001011, 0.000000000), (0.000001088, 40.000000000), (0.000001029, 0.000000000), (0.000001057, 40.000000000), (0.000001038, 0.000000000)],
"worst_14":[(0.000001959, 40.000000000), (0.000001652, 0.000000000), (0.000002055, 40.000000000), (0.000001741, 0.000000000), (0.000001983, 40.000000000), (0.000001853, 0.000000000), (0.000002011, 40.000000000), (0.000001957, 0.000000000), (0.000002106, 40.000000000), (0.000002196, 0.000000000), (0.000001358, 40.000000000), (0.000001433, 0.000000000), (0.000001344, 40.000000000), (0.000001356, 0.000000000), (0.000001376, 40.000000000), (0.000001344, 0.000000000), (0.000001337, 40.000000000), (0.000001482, 0.000000000), (0.000001447, 40.000000000), (0.000001356, 0.000000000), (0.000001333, 40.000000000), (0.000001317, 0.000000000), (0.000001375, 40.000000000), (0.000001479, 0.000000000), (0.000001844, 40.000000000), (0.000001625, 0.000000000), (0.000001780, 40.000000000), (0.000001358, 0.000000000), (0.000001392, 40.000000000), (0.000001389, 0.000000000), (0.000001878, 40.000000000), (0.000001929, 0.000000000), (0.000001871, 40.000000000), (0.000002022, 0.000000000), (0.000002242, 40.000000000), (0.000001791, 0.000000000), (0.000001639, 40.000000000), (0.000001779, 0.000000000), (0.000001903, 40.000000000), (0.000001776, 0.000000000), (0.000001719, 40.000000000), (0.000001849, 0.000000000), (0.000001590, 40.000000000), (0.000001940, 0.000000000), (0.000001902, 40.000000000), (0.000001939, 0.000000000), (0.000002053, 40.000000000), (0.000001921, 0.000000000), (0.000001714, 40.000000000), (0.000001748, 0.000000000), (0.000001331, 40.000000000), (0.000001398, 0.000000000), (0.000001390, 40.000000000), (0.000001339, 0.000000000), (0.000001402, 40.000000000), (0.000001348, 0.000000000), (0.000001413, 40.000000000), (0.000001380, 0.000000000), (0.000001399, 40.000000000), (0.000001365, 0.000000000), (0.000001354, 40.000000000), (0.000001422, 0.000000000), (0.000001388, 40.000000000), (0.000001375, 0.000000000), (0.000001467, 40.000000000), (0.000001367, 0.000000000), (0.000001724, 40.000000000), (0.000001382, 0.000000000), (0.000001422, 40.000000000), (0.000001351, 0.000000000), (0.000001402, 40.000000000), (0.000001494, 0.000000000), (0.000001453, 40.000000000), (0.000001367, 0.000000000), (0.000001399, 40.000000000), (0.000001339, 0.000000000), (0.000001426, 40.000000000), (0.000001373, 0.000000000), (0.000001493, 40.000000000), (0.000001388, 0.000000000), (0.000001300, 40.000000000), (0.000001342, 0.000000000), (0.000001456, 40.000000000), (0.000001393, 0.000000000), (0.000001403, 40.000000000), (0.000001417, 0.000000000), (0.000001828, 40.000000000), (0.000001874, 0.000000000), (0.000002036, 40.000000000), (0.000001775, 0.000000000), (0.000001478, 40.000000000), (0.000001493, 0.000000000), (0.000001393, 40.000000000), (0.000001359, 0.000000000), (0.000001483, 40.000000000), (0.000001441, 0.000000000), (0.000001420, 40.000000000), (0.000001405, 0.000000000), (0.000001430, 40.000000000), (0.000001406, 0.000000000)],
"worst_15":[(0.000003444, 40.000000000), (0.000002974, 0.000000000), (0.000003084, 40.000000000), (0.000002861, 0.000000000), (0.000003314, 40.000000000), (0.000002952, 0.000000000), (0.000003566, 40.000000000), (0.000003384, 0.000000000), (0.000002671, 40.000000000), (0.000002561, 0.000000000), (0.000001951, 40.000000000), (0.000002024, 0.000000000), (0.000002080, 40.000000000), (0.000002073, 0.000000000), (0.000002174, 40.000000000), (0.000002042, 0.000000000), (0.000002267, 40.000000000), (0.000002359, 0.000000000), (0.000002564, 40.000000000), (0.000002166, 0.000000000), (0.000001969, 40.000000000), (0.000001985, 0.000000000), (0.000002194, 40.000000000), (0.000001983, 0.000000000), (0.000002112, 40.000000000), (0.000002082, 0.000000000), (0.000002076, 40.000000000), (0.000001969, 0.000000000), (0.000002238, 40.000000000), (0.000002318, 0.000000000), (0.000001965, 40.000000000), (0.000002053, 0.000000000), (0.000002201, 40.000000000), (0.000002063, 0.000000000), (0.000002272, 40.000000000), (0.000002048, 0.000000000), (0.000002078, 40.000000000), (0.000002079, 0.000000000), (0.000002105, 40.000000000), (0.000001990, 0.000000000), (0.000002019, 40.000000000), (0.000001990, 0.000000000), (0.000002110, 40.000000000), (0.000001998, 0.000000000), (0.000002236, 40.000000000), (0.000002015, 0.000000000), (0.000002187, 40.000000000), (0.000002079, 0.000000000), (0.000002135, 40.000000000), (0.000001986, 0.000000000), (0.000002112, 40.000000000), (0.000002019, 0.000000000), (0.000002109, 40.000000000), (0.000002026, 0.000000000), (0.000002230, 40.000000000), (0.000002073, 0.000000000), (0.000002167, 40.000000000), (0.000002027, 0.000000000), (0.000002124, 40.000000000), (0.000002024, 0.000000000), (0.000002007, 40.000000000), (0.000001993, 0.000000000), (0.000002087, 40.000000000), (0.000002024, 0.000000000), (0.000002078, 40.000000000), (0.000002111, 0.000000000), (0.000002121, 40.000000000), (0.000001997, 0.000000000), (0.000002114, 40.000000000), (0.000002002, 0.000000000), (0.000001996, 40.000000000), (0.000001977, 0.000000000), (0.000002088, 40.000000000), (0.000002003, 0.000000000), (0.000002157, 40.000000000), (0.000002061, 0.000000000), (0.000002204, 40.000000000), (0.000002028, 0.000000000), (0.000002273, 40.000000000), (0.000002023, 0.000000000), (0.000001961, 40.000000000), (0.000001998, 0.000000000), (0.000002083, 40.000000000), (0.000002010, 0.000000000), (0.000002092, 40.000000000), (0.000002015, 0.000000000), (0.000002046, 40.000000000), (0.000002036, 0.000000000), (0.000002090, 40.000000000), (0.000002036, 0.000000000), (0.000002019, 40.000000000), (0.000002048, 0.000000000), (0.000002094, 40.000000000), (0.000002003, 0.000000000), (0.000002119, 40.000000000), (0.000002032, 0.000000000), (0.000002137, 40.000000000), (0.000002035, 0.000000000), (0.000002083, 40.000000000), (0.000001983, 0.000000000)],
"worst_16":[(0.000002642, 40.000000000), (0.000002621, 0.000000000), (0.000002740, 40.000000000), (0.000002536, 0.000000000), (0.000002875, 40.000000000), (0.000002522, 0.000000000), (0.000002706, 40.000000000), (0.000002880, 0.000000000), (0.000002971, 40.000000000), (0.000002726, 0.000000000), (0.000002511, 40.000000000), (0.000002552, 0.000000000), (0.000002832, 40.000000000), (0.000002601, 0.000000000), (0.000002676, 40.000000000), (0.000002528, 0.000000000), (0.000002755, 40.000000000), (0.000002551, 0.000000000), (0.000002790, 40.000000000), (0.000002594, 0.000000000), (0.000002531, 40.000000000), (0.000002539, 0.000000000), (0.000002879, 40.000000000), (0.000002567, 0.000000000), (0.000002804, 40.000000000), (0.000002544, 0.000000000), (0.000002696, 40.000000000), (0.000002503, 0.000000000), (0.000002688, 40.000000000), (0.000002513, 0.000000000), (0.000002531, 40.000000000), (0.000002504, 0.000000000), (0.000002825, 40.000000000), (0.000002521, 0.000000000), (0.000002725, 40.000000000), (0.000002658, 0.000000000), (0.000002715, 40.000000000), (0.000002539, 0.000000000), (0.000002710, 40.000000000), (0.000002499, 0.000000000), (0.000002565, 40.000000000), (0.000002491, 0.000000000), (0.000002702, 40.000000000), (0.000002508, 0.000000000), (0.000002769, 40.000000000), (0.000002621, 0.000000000), (0.000002731, 40.000000000), (0.000002626, 0.000000000), (0.000002698, 40.000000000), (0.000002632, 0.000000000), (0.000002512, 40.000000000), (0.000002591, 0.000000000), (0.000002733, 40.000000000), (0.000002544, 0.000000000), (0.000003175, 40.000000000), (0.000002832, 0.000000000), (0.000002786, 40.000000000), (0.000002593, 0.000000000), (0.000002676, 40.000000000), (0.000002622, 0.000000000), (0.000002496, 40.000000000), (0.000002542, 0.000000000), (0.000002771, 40.000000000), (0.000002497, 0.000000000), (0.000002751, 40.000000000), (0.000002554, 0.000000000), (0.000002744, 40.000000000), (0.000002561, 0.000000000), (0.000002750, 40.000000000), (0.000002596, 0.000000000), (0.000002524, 40.000000000), (0.000002493, 0.000000000), (0.000002696, 40.000000000), (0.000002512, 0.000000000), (0.000002650, 40.000000000), (0.000002526, 0.000000000), (0.000002649, 40.000000000), (0.000002518, 0.000000000), (0.000002784, 40.000000000), (0.000002503, 0.000000000), (0.000002506, 40.000000000), (0.000002593, 0.000000000), (0.000002764, 40.000000000), (0.000002519, 0.000000000), (0.000002741, 40.000000000), (0.000002577, 0.000000000), (0.000002849, 40.000000000), (0.000002599, 0.000000000), (0.000002846, 40.000000000), (0.000002614, 0.000000000), (0.000002557, 40.000000000), (0.000002504, 0.000000000), (0.000002699, 40.000000000), (0.000002525, 0.000000000), (0.000002694, 40.000000000), (0.000002638, 0.000000000), (0.000002709, 40.000000000), (0.000002587, 0.000000000), (0.000002686, 40.000000000), (0.000002507, 0.000000000)],
