"best_15":[(0.000000569, 0.000000000), (0.000000663, 0.000000000), (0.000000624, 0.000000000), (0.000000563, 0.000000000), (0.000000526, 0.000000000), (0.000000673, 0.000000000), (0.000000517, 0.000000000), (0.000000631, 0.000000000), (0.000000557, 0.000000000), (0.000000601, 0.000000000), (0.000000487, 0.000000000), (0.000000528, 0.000000000), (0.000000489, 0.000000000), (0.000000548, 0.000000000), (0.000000564, 0.000000000), (0.000000575, 0.000000000), (0.000000580, 0.000000000), (0.000000596, 0.000000000), (0.000000594, 0.000000000), (0.000000539, 0.000000000), (0.000000484, 0.000000000), (0.000000524, 0.000000000), (0.000000534, 0.000000000), (0.000000575, 0.000000000), (0.000000532, 0.000000000), (0.000000614, 0.000000000), (0.000000542, 0.000000000), (0.000000606, 0.000000000), (0.000000716, 0.000000000), (0.000000633, 0.000000000), (0.000000509, 0.000000000), (0.000000511, 0.000000000), (0.000000491, 0.000000000), (0.000000607, 0.000000000), (0.000000575, 0.000000000), (0.000000693, 0.000000000), (0.000000547, 0.000000000), (0.000000602, 0.000000000), (0.000000592, 0.000000000), (0.000000614, 0.000000000), (0.000000493, 0.000000000), (0.000000546, 0.000000000), (0.000000493, 0.000000000), (0.000000531, 0.000000000), (0.000000535, 0.000000000), (0.000000632, 0.000000000), (0.000000563, 0.000000000), (0.000000617, 0.000000000), (0.000000769, 0.000000000), (0.000000549, 0.000000000), (0.000000518, 0.000000000), (0.000000577, 0.000000000), (0.000000503, 0.000000000), (0.000000542, 0.000000000), (0.000000559, 0.000000000), (0.000000731, 0.000000000), (0.000000546, 0.000000000), (0.000000596, 0.000000000), (0.000000771, 0.000000000), (0.000000561, 0.000000000), (0.000000510, 0.000000000), (0.000000566, 0.000000000), (0.000000522, 0.000000000), (0.000000560, 0.000000000), (0.000000551, 0.000000000), (0.000000686, 0.000000000), (0.000000548, 0.000000000), (0.000000585, 0.000000000), (0.000000591, 0.000000000), (0.000000591, 0.000000000), (0.000000507, 0.000000000), (0.000000542, 0.000000000), (0.000000605, 0.000000000), (0.000000583, 0.000000000), (0.000000531, 0.000000000), (0.000000673, 0.000000000), (0.000000507, 0.000000000), (0.000000559, 0.000000000), (0.000000573, 0.000000000), (0.000000537, 0.000000000), (0.000000484, 0.000000000), (0.000000530, 0.000000000), (0.000000540, 0.000000000), (0.000000510, 0.000000000), (0.000000475, 0.000000000), (0.000000476, 0.000000000), (0.000000493, 0.000000000), (0.000000526, 0.000000000), (0.000000509, 0.000000000), (0.000000570, 0.000000000), (0.000000473, 0.000000000), (0.000000514, 0.000000000), (0.000000450, 0.000000000), (0.000000519, 0.000000000), (0.000000525, 0.000000000), (0.000000631, 0.000000000), (0.000000515, 0.000000000), (0.000000689, 0.000000000), (0.000000501, 0.000000000), (0.000000551, 0.000000000)],
"best_16":[(0.000000604, 0.000000000), (0.000000815, 0.000000000), (0.000000566, 0.000000000), (0.000000638, 0.000000000), (0.000000638, 0.000000000), (0.000000639, 0.000000000), (0.000000583, 0.000000000), (0.000000693, 0.000000000), (0.000000598, 0.000000000), (0.000000651, 0.000000000), (0.000000562, 0.000000000), (0.000000674, 0.000000000), (0.000000581, 0.000000000), (0.000000617, 0.000000000), (0.000000582, 0.000000000), (0.000000738, 0.000000000), (0.000000606, 0.000000000), (0.000000664, 0.000000000), (0.000000672, 0.000000000), (0.000000652, 0.000000000), (0.000000586, 0.000000000), (0.000000653, 0.000000000), (0.000000582, 0.000000000), (0.000000616, 0.000000000), (0.000000583, 0.000000000), (0.000000622, 0.000000000), (0.000000620, 0.000000000), (0.000000641, 0.000000000), (0.000000586, 0.000000000), (0.000000643, 0.000000000), (0.000000619, 0.000000000), (0.000000613, 0.000000000), (0.000000594, 0.000000000), (0.000000675, 0.000000000), (0.000000579, 0.000000000), (0.000000662, 0.000000000), (0.000000644, 0.000000000), (0.000000595, 0.000000000), (0.000000583, 0.000000000), (0.000000716, 0.000000000), (0.000000605, 0.000000000), (0.000000620, 0.000000000), (0.000000564, 0.000000000), (0.000000729, 0.000000000), (0.000000565, 0.000000000), (0.000000647, 0.000000000), (0.000000776, 0.000000000), (0.000000640, 0.000000000), (0.000000604, 0.000000000), (0.000000640, 0.000000000), (0.000000569, 0.000000000), (0.000000597, 0.000000000), (0.000000545, 0.000000000), (0.000000729, 0.000000000), (0.000000679, 0.000000000), (0.000000633, 0.000000000), (0.000000630, 0.000000000), (0.000000672, 0.000000000), (0.000000625, 0.000000000), (0.000000682, 0.000000000), (0.000000572, 0.000000000), (0.000000626, 0.000000000), (0.000000577, 0.000000000), (0.000000612, 0.000000000), (0.000000584, 0.000000000), (0.000000613, 0.000000000), (0.000000616, 0.000000000), (0.000000674, 0.000000000), (0.000000655, 0.000000000), (0.000000659, 0.000000000), (0.000000584, 0.000000000), (0.000000697, 0.000000000), (0.000000580, 0.000000000), (0.000000639, 0.000000000), (0.000000806, 0.000000000), (0.000000717, 0.000000000), (0.000000596, 0.000000000), (0.000000616, 0.000000000), (0.000000635, 0.000000000), (0.000000685, 0.000000000), (0.000000597, 0.000000000), (0.000000627, 0.000000000), (0.000000565, 0.000000000), (0.000000819, 0.000000000), (0.000000751, 0.000000000), (0.000000813, 0.000000000), (0.000000818, 0.000000000), (0.000000776, 0.000000000), (0.000000780, 0.000000000), (0.000000672, 0.000000000), (0.000000549, 0.000000000), (0.000000624, 0.000000000), (0.000000581, 0.000000000), (0.000000770, 0.000000000), (0.000000606, 0.000000000), (0.000000783, 0.000000000), (0.000000618, 0.000000000), (0.000000900, 0.000000000), (0.000000601, 0.000000000), (0.000000766, 0.000000000)],
"best_17":[(0.000000934, 0.000000000), (0.000001014, 0.000000000), (0.000000759, 0.000000000), (0.000000852, 0.000000000), (0.000000742, 0.000000000), (0.000000833, 0.000000000), (0.000000861, 0.000000000), (0.000000850, 0.000000000), (0.000000806, 0.000000000), (0.000000884, 0.000000000), (0.000000732, 0.000000000), (0.000000868, 0.000000000), (0.000000742, 0.000000000), (0.000000885, 0.000000000), (0.000000766, 0.000000000), (0.000000831, 0.000000000), (0.000000794, 0.000000000), (0.000000860, 0.000000000), (0.000000860, 0.000000000), (0.000000928, 0.000000000), (0.000000744, 0.000000000), (0.000000866, 0.000000000), (0.000000751, 0.000000000), (0.000000844, 0.000000000), (0.000000737, 0.000000000), (0.000000906, 0.000000000), (0.000000807, 0.000000000), (0.000000868, 0.000000000), (0.000000811, 0.000000000), (0.000000882, 0.000000000), (0.000000682, 0.000000000), (0.000000904, 0.000000000), (0.000000788, 0.000000000), (0.000000851, 0.000000000), (0.000000776, 0.000000000), (0.000000864, 0.000000000), (0.000000797, 0.000000000), (0.000000878, 0.000000000), (0.000000790, 0.000000000), (0.000000890, 0.000000000), (0.000000813, 0.000000000), (0.000000941, 0.000000000), (0.000000762, 0.000000000), (0.000000863, 0.000000000), (0.000000736, 0.000000000), (0.000000838, 0.000000000), (0.000000813, 0.000000000), (0.000000879, 0.000000000), (0.000000806, 0.000000000), (0.000000878, 0.000000000), (0.000000682, 0.000000000), (0.000000831, 0.000000000), (0.000000737, 0.000000000), (0.000000877, 0.000000000), (0.000000782, 0.000000000), (0.000000861, 0.000000000), (0.000000815, 0.000000000), (0.000000867, 0.000000000), (0.000000826, 0.000000000), (0.000000863, 0.000000000), (0.000000751, 0.000000000), (0.000000843, 0.000000000), (0.000000719, 0.000000000), (0.000000842, 0.000000000), (0.000000748, 0.000000000), (0.000000857, 0.000000000), (0.000000813, 0.000000000), (0.000000824, 0.000000000), (0.000000789, 0.000000000), (0.000000859, 0.000000000), (0.000000745, 0.000000000), (0.000000806, 0.000000000), (0.000000741, 0.000000000), (0.000000830, 0.000000000), (0.000000743, 0.000000000), (0.000000789, 0.000000000), (0.000000735, 0.000000000), (0.000000843, 0.000000000), (0.000000828, 0.000000000), (0.000000821, 0.000000000), (0.000000782, 0.000000000), (0.000000895, 0.000000000), (0.000000752, 0.000000000), (0.000000851, 0.000000000), (0.000000790, 0.000000000), (0.000000963, 0.000000000), (0.000000776, 0.000000000), (0.000000839, 0.000000000), (0.000000777, 0.000000000), (0.000000857, 0.000000000), (0.000000725, 0.000000000), (0.000000849, 0.000000000), (0.000000751, 0.000000000), (0.000000879, 0.000000000), (0.000000726, 0.000000000), (0.000000836, 0.000000000), (0.000000765, 0.000000000), (0.000000853, 0.000000000), (0.000000802, 0.000000000), (0.000000881, 0.000000000)],
"best_18":[(0.000000910, 0.000000000), (0.000001066, 0.000000000), (0.000000953, 0.000000000), (0.000001075, 0.000000000), (0.000000982, 0.000000000), (0.000001030, 0.000000000), (0.000001019, 0.000000000), (0.000001147, 0.000000000), (0.000001085, 0.000000000), (0.000001186, 0.000000000), (0.000001208, 0.000000000), (0.000001286, 0.000000000), (0.000001295, 0.000000000), (0.000001384, 0.000000000), (0.000001122, 0.000000000), (0.000001195, 0.000000000), (0.000001136, 0.000000000), (0.000001244, 0.000000000), (0.000001106, 0.000000000), (0.000001172, 0.000000000), (0.000001106, 0.000000000), (0.000001271, 0.000000000), (0.000001086, 0.000000000), (0.000001166, 0.000000000), (0.000001061, 0.000000000), (0.000001129, 0.000000000), (0.000001037, 0.000000000), (0.000001125, 0.000000000), (0.000001072, 0.000000000), (0.000001107, 0.000000000), (0.000001041, 0.000000000), (0.000001153, 0.000000000), (0.000001044, 0.000000000), (0.000001165, 0.000000000), (0.000001041, 0.000000000), (0.000001113, 0.000000000), (0.000001038, 0.000000000), (0.000001081, 0.000000000), (0.000001055, 0.000000000), (0.000001085, 0.000000000), (0.000001082, 0.000000000), (0.000001194, 0.000000000), (0.000001006, 0.000000000), (0.000001138, 0.000000000), (0.000001035, 0.000000000), (0.000001156, 0.000000000), (0.000001029, 0.000000000), (0.000001089, 0.000000000), (0.000001023, 0.000000000), (0.000001100, 0.000000000), (0.000001042, 0.000000000), (0.000001173, 0.000000000), (0.000001043, 0.000000000), (0.000001133, 0.000000000), (0.000001172, 0.000000000), (0.000001148, 0.000000000), (0.000001087, 0.000000000), (0.000001126, 0.000000000), (0.000001125, 0.000000000), (0.000001136, 0.000000000), (0.000000986, 0.000000000), (0.000001164, 0.000000000), (0.000001004, 0.000000000), (0.000001129, 0.000000000), (0.000001041, 0.000000000), (0.000001141, 0.000000000), (0.000001078, 0.000000000), (0.000001147, 0.000000000), (0.000001053, 0.000000000), (0.000001169, 0.000000000), (0.000000956, 0.000000000), (0.000001284, 0.000000000), (0.000001026, 0.000000000), (0.000001155, 0.000000000), (0.000001061, 0.000000000), (0.000001198, 0.000000000), (0.000001097, 0.000000000), (0.000001168, 0.000000000), (0.000001071, 0.000000000), (0.000001128, 0.000000000), (0.000000999, 0.000000000), (0.000001157, 0.000000000), (0.000001134, 0.000000000), (0.000001175, 0.000000000), (0.000001048, 0.000000000), (0.000001133, 0.000000000), (0.000001058, 0.000000000), (0.000001141, 0.000000000), (0.000001156, 0.000000000), (0.000001155, 0.000000000), (0.000001005, 0.000000000), (0.000001206, 0.000000000), (0.000001054, 0.000000000), (0.000001159, 0.000000000), (0.000001058, 0.000000000), (0.000001138, 0.000000000), (0.000001057, 0.000000000), (0.000001136, 0.000000000), (0.000001072, 0.000000000), (0.000001134, 0.000000000)],
"best_19":[(0.000001258, 0.000000000), (0.000001446, 0.000000000), (0.000001277, 0.000000000), (0.000001389, 0.000000000), (0.000001340, 0.000000000), (0.000001415, 0.000000000), (0.000001442, 0.000000000), (0.000001531, 0.000000000), (0.000001339, 0.000000000), (0.000001400, 0.000000000), (0.000001179, 0.000000000), (0.000001472, 0.000000000), (0.000001290, 0.000000000), (0.000001424, 0.000000000), (0.000001415, 0.000000000), (0.000001510, 0.000000000), (0.000001318, 0.000000000), (0.000001422, 0.000000000), (0.000001319, 0.000000000), (0.000001363, 0.000000000), (0.000001356, 0.000000000), (0.000001542, 0.000000000), (0.000001338, 0.000000000), (0.000001506, 0.000000000), (0.000001335, 0.000000000), (0.000001563, 0.000000000), (0.000001377, 0.000000000), (0.000001426, 0.000000000), (0.000001374, 0.000000000), (0.000001433, 0.000000000), (0.000001200, 0.000000000), (0.000001461, 0.000000000), (0.000001309, 0.000000000), (0.000001407, 0.000000000), (0.000001302, 0.000000000), (0.000001402, 0.000000000), (0.000001344, 0.000000000), (0.000001477, 0.000000000), (0.000001310, 0.000000000), (0.000001403, 0.000000000), (0.000001173, 0.000000000), (0.000001468, 0.000000000), (0.000001297, 0.000000000), (0.000001446, 0.000000000), (0.000001385, 0.000000000), (0.000001405, 0.000000000), (0.000001389, 0.000000000), (0.000001367, 0.000000000), (0.000001330, 0.000000000), (0.000001443, 0.000000000), (0.000001214, 0.000000000), (0.000001459, 0.000000000), (0.000001293, 0.000000000), (0.000001524, 0.000000000), (0.000001393, 0.000000000), (0.000001422, 0.000000000), (0.000001325, 0.000000000), (0.000001405, 0.000000000), (0.000001283, 0.000000000), (0.000001562, 0.000000000), (0.000001233, 0.000000000), (0.000001523, 0.000000000), (0.000001379, 0.000000000), (0.000001490, 0.000000000), (0.000001345, 0.000000000), (0.000001429, 0.000000000), (0.000001440, 0.000000000), (0.000001443, 0.000000000), (0.000001358, 0.000000000), (0.000001438, 0.000000000), (0.000001152, 0.000000000), (0.000001459, 0.000000000), (0.000001254, 0.000000000), (0.000001387, 0.000000000), (0.000001301, 0.000000000), (0.000001385, 0.000000000), (0.000001309, 0.000000000), (0.000001399, 0.000000000), (0.000001301, 0.000000000), (0.000001396, 0.000000000), (0.000001571, 0.000000000), (0.000001839, 0.000000000), (0.000001442, 0.000000000), (0.000001515, 0.000000000), (0.000001376, 0.000000000), (0.000001488, 0.000000000), (0.000001409, 0.000000000), (0.000001452, 0.000000000), (0.000001372, 0.000000000), (0.000001680, 0.000000000), (0.000001265, 0.000000000), (0.000001530, 0.000000000), (0.000001362, 0.000000000), (0.000001424, 0.000000000), (0.000001234, 0.000000000), (0.000001380, 0.000000000), (0.000001298, 0.000000000), (0.000001399, 0.000000000), (0.000001334, 0.000000000), (0.000001378, 0.000000000)],
"best_20":[(0.000001717, 0.000000000), (0.000001878, 0.000000000), (0.000001669, 0.000000000), (0.000001884, 0.000000000), (0.000001699, 0.000000000), (0.000001819, 0.000000000), (0.000001690, 0.000000000), (0.000001836, 0.000000000), (0.000001816, 0.000000000), (0.000001792, 0.000000000), (0.000001549, 0.000000000), (0.000001823, 0.000000000), (0.000001591, 0.000000000), (0.000001763, 0.000000000), (0.000001629, 0.000000000), (0.000001690, 0.000000000), (0.000001565, 0.000000000), (0.000001681, 0.000000000), (0.000001583, 0.000000000), (0.000001650, 0.000000000), (0.000001391, 0.000000000), (0.000001591, 0.000000000), (0.000001412, 0.000000000), (0.000001542, 0.000000000), (0.000001413, 0.000000000), (0.000001524, 0.000000000), (0.000001409, 0.000000000), (0.000001622, 0.000000000), (0.000001449, 0.000000000), (0.000001518, 0.000000000), (0.000001317, 0.000000000), (0.000001578, 0.000000000), (0.000001364, 0.000000000), (0.000001512, 0.000000000), (0.000001375, 0.000000000), (0.000001525, 0.000000000), (0.000001422, 0.000000000), (0.000001480, 0.000000000), (0.000001386, 0.000000000), (0.000001474, 0.000000000), (0.000001345, 0.000000000), (0.000001611, 0.000000000), (0.000001432, 0.000000000), (0.000001568, 0.000000000), (0.000001484, 0.000000000), (0.000001587, 0.000000000), (0.000001449, 0.000000000), (0.000001618, 0.000000000), (0.000001450, 0.000000000), (0.000001541, 0.000000000), (0.000001407, 0.000000000), (0.000001679, 0.000000000), (0.000001480, 0.000000000), (0.000001584, 0.000000000), (0.000001413, 0.000000000), (0.000001589, 0.000000000), (0.000001468, 0.000000000), (0.000001530, 0.000000000), (0.000001488, 0.000000000), (0.000001676, 0.000000000), (0.000001691, 0.000000000), (0.000001838, 0.000000000), (0.000001590, 0.000000000), (0.000001843, 0.000000000), (0.000001602, 0.000000000), (0.000001765, 0.000000000), (0.000001594, 0.000000000), (0.000001723, 0.000000000), (0.000001587, 0.000000000), (0.000001722, 0.000000000), (0.000001472, 0.000000000), (0.000001746, 0.000000000), (0.000001516, 0.000000000), (0.000001658, 0.000000000), (0.000001515, 0.000000000), (0.000001650, 0.000000000), (0.000001679, 0.000000000), (0.000001662, 0.000000000), (0.000001551, 0.000000000), (0.000001652, 0.000000000), (0.000001446, 0.000000000), (0.000001726, 0.000000000), (0.000001551, 0.000000000), (0.000001802, 0.000000000), (0.000001625, 0.000000000), (0.000001672, 0.000000000), (0.000001511, 0.000000000), (0.000001667, 0.000000000), (0.000001557, 0.000000000), (0.000001692, 0.000000000), (0.000001597, 0.000000000), (0.000001776, 0.000000000), (0.000001513, 0.000000000), (0.000001719, 0.000000000), (0.000001577, 0.000000000), (0.000001677, 0.000000000), (0.000001501, 0.000000000), (0.000001725, 0.000000000), (0.000001534, 0.000000000), (0.000001663, 0.000000000)],
"best_21":[(0.000001985, 0.000000000), (0.000002437, 0.000000000), (0.000002175, 0.000000000), (0.000002325, 0.000000000), (0.000002026, 0.000000000), (0.000004896, 0.000000000), (0.000003424, 0.000000000), (0.000002281, 0.000000000), (0.000002050, 0.000000000), (0.000002259, 0.000000000), (0.000001802, 0.000000000), (0.000002250, 0.000000000), (0.000001900, 0.000000000), (0.000002198, 0.000000000), (0.000001939, 0.000000000), (0.000002195, 0.000000000), (0.000001992, 0.000000000), (0.000002109, 0.000000000), (0.000001951, 0.000000000), (0.000002146, 0.000000000), (0.000002080, 0.000000000), (0.000002434, 0.000000000), (0.000002044, 0.000000000), (0.000002148, 0.000000000), (0.000001980, 0.000000000), (0.000002089, 0.000000000), (0.000001927, 0.000000000), (0.000002291, 0.000000000), (0.000001954, 0.000000000), (0.000002104, 0.000000000), (0.000001836, 0.000000000), (0.000002206, 0.000000000), (0.000002342, 0.000000000), (0.000002560, 0.000000000), (0.000001965, 0.000000000), (0.000003056, 0.000000000), (0.000002314, 0.000000000), (0.000002596, 0.000000000), (0.000002364, 0.000000000), (0.000002161, 0.000000000), (0.000001933, 0.000000000), (0.000002430, 0.000000000), (0.000002029, 0.000000000), (0.000002240, 0.000000000), (0.000002021, 0.000000000), (0.000002049, 0.000000000), (0.000001963, 0.000000000), (0.000002066, 0.000000000), (0.000001919, 0.000000000), (0.000002088, 0.000000000), (0.000001633, 0.000000000), (0.000002142, 0.000000000), (0.000001728, 0.000000000), (0.000001946, 0.000000000), (0.000001778, 0.000000000), (0.000002100, 0.000000000), (0.000002149, 0.000000000), (0.000002100, 0.000000000), (0.000001941, 0.000000000), (0.000002977, 0.000000000), (0.000002172, 0.000000000), (0.000003449, 0.000000000), (0.000002964, 0.000000000), (0.000003228, 0.000000000), (0.000002632, 0.000000000), (0.000002375, 0.000000000), (0.000002036, 0.000000000), (0.000001995, 0.000000000), (0.000001922, 0.000000000), (0.000001973, 0.000000000), (0.000001698, 0.000000000), (0.000002119, 0.000000000), (0.000001832, 0.000000000), (0.000002037, 0.000000000), (0.000001804, 0.000000000), (0.000001985, 0.000000000), (0.000001768, 0.000000000), (0.000002046, 0.000000000), (0.000001795, 0.000000000), (0.000001962, 0.000000000), (0.000002028, 0.000000000), (0.000002503, 0.000000000), (0.000002127, 0.000000000), (0.000002544, 0.000000000), (0.000002535, 0.000000000), (0.000002523, 0.000000000), (0.000002281, 0.000000000), (0.000002230, 0.000000000), (0.000002572, 0.000000000), (0.000002787, 0.000000000), (0.000002241, 0.000000000), (0.000002714, 0.000000000), (0.000001978, 0.000000000), (0.000002349, 0.000000000), (0.000002173, 0.000000000), (0.000002500, 0.000000000), (0.000001971, 0.000000000), (0.000002245, 0.000000000), (0.000001955, 0.000000000), (0.000002294, 0.000000000)],
"best_22":[(0.000003367, 0.000000000), (0.000004111, 0.000000000), (0.000002737, 0.000000000), (0.000003273, 0.000000000), (0.000002585, 0.000000000), (0.000003114, 0.000000000), (0.000002805, 0.000000000), (0.000002974, 0.000000000), (0.000002601, 0.000000000), (0.000002822, 0.000000000), (0.000002424, 0.000000000), (0.000004770, 0.000000000), (0.000002606, 0.000000000), (0.000002776, 0.000000000), (0.000002444, 0.000000000), (0.000002626, 0.000000000), (0.000002362, 0.000000000), (0.000002648, 0.000000000), (0.000002409, 0.000000000), (0.000002726, 0.000000000), (0.000002151, 0.000000000), (0.000002705, 0.000000000), (0.000002359, 0.000000000), (0.000002605, 0.000000000), (0.000002302, 0.000000000), (0.000002600, 0.000000000), (0.000002269, 0.000000000), (0.000002606, 0.000000000), (0.000002770, 0.000000000), (0.000002713, 0.000000000), (0.000002098, 0.000000000), (0.000002512, 0.000000000), (0.000002156, 0.000000000), (0.000002449, 0.000000000), (0.000002158, 0.000000000), (0.000002362, 0.000000000), (0.000002169, 0.000000000), (0.000002319, 0.000000000), (0.000002062, 0.000000000), (0.000002450, 0.000000000), (0.000002056, 0.000000000), (0.000002481, 0.000000000), (0.000002114, 0.000000000), (0.000002410, 0.000000000), (0.000002182, 0.000000000), (0.000002417, 0.000000000), (0.000002564, 0.000000000), (0.000002742, 0.000000000), (0.000002348, 0.000000000), (0.000002414, 0.000000000), (0.000002355, 0.000000000), (0.000002720, 0.000000000), (0.000002296, 0.000000000), (0.000002631, 0.000000000), (0.000002235, 0.000000000), (0.000002602, 0.000000000), (0.000002406, 0.000000000), (0.000002558, 0.000000000), (0.000002269, 0.000000000), (0.000002514, 0.000000000), (0.000002168, 0.000000000), (0.000002707, 0.000000000), (0.000002343, 0.000000000), (0.000002651, 0.000000000), (0.000002358, 0.000000000), (0.000003063, 0.000000000), (0.000002474, 0.000000000), (0.000002585, 0.000000000), (0.000002326, 0.000000000), (0.000002541, 0.000000000), (0.000002243, 0.000000000), (0.000002816, 0.000000000), (0.000002267, 0.000000000), (0.000002707, 0.000000000), (0.000002268, 0.000000000), (0.000002659, 0.000000000), (0.000002387, 0.000000000), (0.000002621, 0.000000000), (0.000002310, 0.000000000), (0.000002588, 0.000000000), (0.000002253, 0.000000000), (0.000002895, 0.000000000), (0.000002371, 0.000000000), (0.000003086, 0.000000000), (0.000002664, 0.000000000), (0.000002711, 0.000000000), (0.000002366, 0.000000000), (0.000002690, 0.000000000), (0.000002532, 0.000000000), (0.000002583, 0.000000000), (0.000002171, 0.000000000), (0.000002745, 0.000000000), (0.000002327, 0.000000000), (0.000002610, 0.000000000), (0.000002244, 0.000000000), (0.000002733, 0.000000000), (0.000002409, 0.000000000), (0.000002526, 0.000000000), (0.000002299, 0.000000000), (0.000002540, 0.000000000)],
"best_23":[(0.000003625, 0.000000000), (0.000004492, 0.000000000), (0.000002831, 0.000000000), (0.000003390, 0.000000000), (0.000002653, 0.000000000), (0.000003167, 0.000000000), (0.000002577, 0.000000000), (0.000002961, 0.000000000), (0.000002494, 0.000000000), (0.000002875, 0.000000000), (0.000002374, 0.000000000), (0.000003052, 0.000000000), (0.000002503, 0.000000000), (0.000002926, 0.000000000), (0.000002494, 0.000000000), (0.000002888, 0.000000000), (0.000002489, 0.000000000), (0.000002916, 0.000000000), (0.000002546, 0.000000000), (0.000002818, 0.000000000), (0.000002640, 0.000000000), (0.000003293, 0.000000000), (0.000002713, 0.000000000), (0.000003172, 0.000000000), (0.000002664, 0.000000000), (0.000003293, 0.000000000), (0.000002716, 0.000000000), (0.000003005, 0.000000000), (0.000002673, 0.000000000), (0.000003018, 0.000000000), (0.000002543, 0.000000000), (0.000003253, 0.000000000), (0.000002762, 0.000000000), (0.000003189, 0.000000000), (0.000002713, 0.000000000), (0.000003110, 0.000000000), (0.000002706, 0.000000000), (0.000003014, 0.000000000), (0.000002748, 0.000000000), (0.000003085, 0.000000000), (0.000002517, 0.000000000), (0.000003513, 0.000000000), (0.000003001, 0.000000000), (0.000003335, 0.000000000), (0.000002605, 0.000000000), (0.000003053, 0.000000000), (0.000002781, 0.000000000), (0.000003094, 0.000000000), (0.000002688, 0.000000000), (0.000003146, 0.000000000), (0.000002408, 0.000000000), (0.000003098, 0.000000000), (0.000002446, 0.000000000), (0.000003007, 0.000000000), (0.000002476, 0.000000000), (0.000002902, 0.000000000), (0.000002429, 0.000000000), (0.000002858, 0.000000000), (0.000002864, 0.000000000), (0.000003196, 0.000000000), (0.000002625, 0.000000000), (0.000003361, 0.000000000), (0.000002686, 0.000000000), (0.000003244, 0.000000000), (0.000002830, 0.000000000), (0.000003142, 0.000000000), (0.000002828, 0.000000000), (0.000003201, 0.000000000), (0.000002687, 0.000000000), (0.000003049, 0.000000000), (0.000002647, 0.000000000), (0.000003318, 0.000000000), (0.000002698, 0.000000000), (0.000003177, 0.000000000), (0.000002711, 0.000000000), (0.000003186, 0.000000000), (0.000002712, 0.000000000), (0.000003085, 0.000000000), (0.000002713, 0.000000000), (0.000003079, 0.000000000), (0.000002463, 0.000000000), (0.000002963, 0.000000000), (0.000002476, 0.000000000), (0.000002897, 0.000000000), (0.000002459, 0.000000000), (0.000002870, 0.000000000), (0.000002526, 0.000000000), (0.000002771, 0.000000000), (0.000002511, 0.000000000), (0.000002825, 0.000000000), (0.000002438, 0.000000000), (0.000003027, 0.000000000), (0.000002595, 0.000000000), (0.000002873, 0.000000000), (0.000002437, 0.000000000), (0.000002874, 0.000000000), (0.000002489, 0.000000000), (0.000002862, 0.000000000), (0.000002638, 0.000000000), (0.000002763, 0.000000000)],
"best_24":[(0.000003126, 0.000000000), (0.000003952, 0.000000000), (0.000003245, 0.000000000), (0.000003653, 0.000000000), (0.000003333, 0.000000000), (0.000003617, 0.000000000), (0.000003303, 0.000000000), (0.000003590, 0.000000000), (0.000003248, 0.000000000), (0.000003588, 0.000000000), (0.000002879, 0.000000000), (0.000003640, 0.000000000), (0.000002927, 0.000000000), (0.000003333, 0.000000000), (0.000003028, 0.000000000), (0.000003246, 0.000000000), (0.000002995, 0.000000000), (0.000003149, 0.000000000), (0.000002923, 0.000000000), (0.000003226, 0.000000000), (0.000002981, 0.000000000), (0.000003677, 0.000000000), (0.000003085, 0.000000000), (0.000003437, 0.000000000), (0.000003047, 0.000000000), (0.000003449, 0.000000000), (0.000003108, 0.000000000), (0.000003304, 0.000000000), (0.000003110, 0.000000000), (0.000003256, 0.000000000), (0.000003560, 0.000000000), (0.000004340, 0.000000000), (0.000003345, 0.000000000), (0.000003478, 0.000000000), (0.000003020, 0.000000000), (0.000003524, 0.000000000), (0.000003050, 0.000000000), (0.000003311, 0.000000000), (0.000003020, 0.000000000), (0.000003263, 0.000000000), (0.000010800, 0.000000000), (0.000015744, 0.000000000), (0.000004893, 0.000000000), (0.000007648, 0.000000000), (0.000004058, 0.000000000), (0.000005824, 0.000000000), (0.000003666, 0.000000000), (0.000004760, 0.000000000), (0.000003461, 0.000000000), (0.000004362, 0.000000000), (0.000003822, 0.000000000), (0.000004909, 0.000000000), (0.000004277, 0.000000000), (0.000004131, 0.000000000), (0.000003195, 0.000000000), (0.000003478, 0.000000000), (0.000003211, 0.000000000), (0.000003468, 0.000000000), (0.000003398, 0.000000000), (0.000003868, 0.000000000), (0.000003075, 0.000000000), (0.000003878, 0.000000000), (0.000003073, 0.000000000), (0.000003588, 0.000000000), (0.000003147, 0.000000000), (0.000003481, 0.000000000), (0.000003317, 0.000000000), (0.000003396, 0.000000000), (0.000003125, 0.000000000), (0.000003349, 0.000000000), (0.000002720, 0.000000000), (0.000003498, 0.000000000), (0.000002821, 0.000000000), (0.000003234, 0.000000000), (0.000002837, 0.000000000), (0.000003185, 0.000000000), (0.000002855, 0.000000000), (0.000003174, 0.000000000), (0.000002784, 0.000000000), (0.000003128, 0.000000000), (0.000003003, 0.000000000), (0.000003851, 0.000000000), (0.000003238, 0.000000000), (0.000003577, 0.000000000), (0.000003126, 0.000000000), (0.000003508, 0.000000000), (0.000003180, 0.000000000), (0.000003381, 0.000000000), (0.000003194, 0.000000000), (0.000003427, 0.000000000), (0.000002697, 0.000000000), (0.000003519, 0.000000000), (0.000002826, 0.000000000), (0.000003264, 0.000000000), (0.000002823, 0.000000000), (0.000003268, 0.000000000), (0.000002940, 0.000000000), (0.000003205, 0.000000000), (0.000003333, 0.000000000), (0.000003376, 0.000000000)],
"best_25":[(0.000003410, 0.000000000), (0.000005085, 0.000000000), (0.000003706, 0.000000000), (0.000004425, 0.000000000), (0.000003592, 0.000000000), (0.000004637, 0.000000000), (0.000003777, 0.000000000), (0.000004343, 0.000000000), (0.000003631, 0.000000000), (0.000004349, 0.000000000), (0.000006326, 0.000000000), (0.000009798, 0.000000000), (0.000004610, 0.000000000), (0.000007141, 0.000000000), (0.000004272, 0.000000000), (0.000005959, 0.000000000), (0.000004066, 0.000000000), (0.000005393, 0.000000000), (0.000004056, 0.000000000), (0.000004904, 0.000000000), (0.000003398, 0.000000000), (0.000004705, 0.000000000), (0.000003570, 0.000000000), (0.000004304, 0.000000000), (0.000003715, 0.000000000), (0.000004046, 0.000000000), (0.000003558, 0.000000000), (0.000003982, 0.000000000), (0.000004096, 0.000000000), (0.000004305, 0.000000000), (0.000003442, 0.000000000), (0.000004673, 0.000000000), (0.000004070, 0.000000000), (0.000004515, 0.000000000), (0.000003779, 0.000000000), (0.000004245, 0.000000000), (0.000003601, 0.000000000), (0.000004047, 0.000000000), (0.000003591, 0.000000000), (0.000003967, 0.000000000), (0.000003222, 0.000000000), (0.000004294, 0.000000000), (0.000003439, 0.000000000), (0.000003968, 0.000000000), (0.000003348, 0.000000000), (0.000003775, 0.000000000), (0.000003369, 0.000000000), (0.000003670, 0.000000000), (0.000003328, 0.000000000), (0.000003780, 0.000000000), (0.000003323, 0.000000000), (0.000004749, 0.000000000), (0.000003477, 0.000000000), (0.000004151, 0.000000000), (0.000003452, 0.000000000), (0.000004141, 0.000000000), (0.000003573, 0.000000000), (0.000003935, 0.000000000), (0.000003554, 0.000000000), (0.000003888, 0.000000000), (0.000005950, 0.000000000), (0.000008997, 0.000000000), (0.000004192, 0.000000000), (0.000006095, 0.000000000), (0.000003881, 0.000000000), (0.000005343, 0.000000000), (0.000003730, 0.000000000), (0.000004734, 0.000000000), (0.000003606, 0.000000000), (0.000004478, 0.000000000), (0.000003519, 0.000000000), (0.000004706, 0.000000000), (0.000003532, 0.000000000), (0.000004291, 0.000000000), (0.000003669, 0.000000000), (0.000003943, 0.000000000), (0.000003389, 0.000000000), (0.000003778, 0.000000000), (0.000003302, 0.000000000), (0.000003665, 0.000000000), (0.000003431, 0.000000000), (0.000004769, 0.000000000), (0.000003707, 0.000000000), (0.000004314, 0.000000000), (0.000003958, 0.000000000), (0.000004424, 0.000000000), (0.000003703, 0.000000000), (0.000004115, 0.000000000), (0.000003643, 0.000000000), (0.000004078, 0.000000000), (0.000003837, 0.000000000), (0.000005211, 0.000000000), (0.000004199, 0.000000000), (0.000004605, 0.000000000), (0.000004000, 0.000000000), (0.000004344, 0.000000000), (0.000003726, 0.000000000), (0.000004198, 0.000000000), (0.000003711, 0.000000000), (0.000004144, 0.000000000)],
