"i_worst_15":[(0.000000357, 0.0), (0.000000244, 0.0), (0.000000256, 0.0), (0.000000251, 0.0), (0.000000244, 0.0)],
"i_worst_16":[(0.000000327, 0.0), (0.000000244, 0.0), (0.000000285, 0.0), (0.000000261, 0.0), (0.000000242, 0.0)],
"i_worst_17":[(0.000000380, 0.0), (0.000000260, 0.0), (0.000000252, 0.0), (0.000000269, 0.0), (0.000000255, 0.0)],
"i_worst_18":[(0.000000366, 0.0), (0.000000256, 0.0), (0.000000327, 0.0), (0.000000293, 0.0), (0.000000277, 0.0)],
"i_worst_19":[(0.000000409, 0.0), (0.000000360, 0.0), (0.000000268, 0.0), (0.000000267, 0.0), (0.000000261, 0.0)],
"i_worst_20":[(0.000000336, 0.0), (0.000000290, 0.0), (0.000000295, 0.0), (0.000000302, 0.0), (0.000000385, 0.0)],
"i_worst_21":[(0.000000356, 0.0), (0.000000371, 0.0), (0.000000357, 0.0), (0.000000301, 0.0), (0.000000306, 0.0)],
"i_worst_22":[(0.000000330, 0.0), (0.000000317, 0.0), (0.000000299, 0.0), (0.000000319, 0.0), (0.000000341, 0.0)],
"i_worst_23":[(0.000000387, 0.0), (0.000000319, 0.0), (0.000000315, 0.0), (0.000000320, 0.0), (0.000000311, 0.0)],
"i_worst_24":[(0.000000337, 0.0), (0.000000321, 0.0), (0.000000319, 0.0), (0.000000323, 0.0), (0.000000330, 0.0)],
"i_worst_25":[(0.000000347, 0.0), (0.000000361, 0.0), (0.000000323, 0.0), (0.000000323, 0.0), (0.000000335, 0.0)],
"i_worst_26":[(0.000000413, 0.0), (0.000000330, 0.0), (0.000000325, 0.0), (0.000000340, 0.0), (0.000000352, 0.0)],
"i_worst_27":[(0.000000529, 0.0), (0.000000361, 0.0), (0.000000364, 0.0), (0.000000357, 0.0), (0.000000423, 0.0)],
"i_worst_28":[(0.000000420, 0.0), (0.000000366, 0.0), (0.000000368, 0.0), (0.000000350, 0.0), (0.000000353, 0.0)],
"i_worst_29":[(0.000000440, 0.0), (0.000000373, 0.0), (0.000000360, 0.0), (0.000000362, 0.0), (0.000000387, 0.0)],
"i_worst_30":[(0.000000420, 0.0), (0.000000383, 0.0), (0.000000403, 0.0), (0.000000407, 0.0), (0.000000367, 0.0)],
"i_worst_31":[(0.000000454, 0.0), (0.000000373, 0.0), (0.000000578, 0.0), (0.000000366, 0.0), (0.000000379, 0.0)],
"i_worst_32":[(0.000000414, 0.0), (0.000000394, 0.0), (0.000000430, 0.0), (0.000000404, 0.0), (0.000000385, 0.0)],
"i_worst_33":[(0.000000441, 0.0), (0.000000419, 0.0), (0.000000393, 0.0), (0.000000395, 0.0), (0.000000419, 0.0)],
"i_worst_34":[(0.000000431, 0.0), (0.000000419, 0.0), (0.000000422, 0.0), (0.000000407, 0.0), (0.000000382, 0.0)],
"i_opt_15":[(0.000000261, 0.0), (0.000000277, 0.0), (0.000000258, 0.0), (0.000000256, 0.0), (0.000000260, 0.0)],
"i_opt_16":[(0.000000373, 0.0), (0.000000260, 0.0), (0.000000251, 0.0), (0.000000252, 0.0), (0.000000253, 0.0)],
"i_opt_17":[(0.000000441, 0.0), (0.000000251, 0.0), (0.000000252, 0.0), (0.000000252, 0.0), (0.000000255, 0.0)],
"i_opt_18":[(0.000000561, 0.0), (0.000000253, 0.0), (0.000000253, 0.0), (0.000000256, 0.0), (0.000000259, 0.0)],
"i_opt_19":[(0.000000396, 0.0), (0.000000261, 0.0), (0.000000263, 0.0), (0.000000268, 0.0), (0.000000272, 0.0)],
"i_opt_20":[(0.000000388, 0.0), (0.000000270, 0.0), (0.000000262, 0.0), (0.000000267, 0.0), (0.000000282, 0.0)],
"i_opt_21":[(0.000000302, 0.0), (0.000000275, 0.0), (0.000000270, 0.0), (0.000000290, 0.0), (0.000000287, 0.0)],
"i_opt_22":[(0.000000287, 0.0), (0.000000263, 0.0), (0.000000271, 0.0), (0.000000292, 0.0), (0.000000278, 0.0)],
"i_opt_23":[(0.000000296, 0.0), (0.000000305, 0.0), (0.000000269, 0.0), (0.000000288, 0.0), (0.000000303, 0.0)],
"i_opt_24":[(0.000000302, 0.0), (0.000000292, 0.0), (0.000000295, 0.0), (0.000000294, 0.0), (0.000000295, 0.0)],
"i_opt_25":[(0.000000293, 0.0), (0.000000310, 0.0), (0.000000314, 0.0), (0.000000320, 0.0), (0.000000328, 0.0)],
"i_opt_26":[(0.000000303, 0.0), (0.000000319, 0.0), (0.000000316, 0.0), (0.000000306, 0.0), (0.000000312, 0.0)],
"i_opt_27":[(0.000000306, 0.0), (0.000000329, 0.0), (0.000000309, 0.0), (0.000000311, 0.0), (0.000000311, 0.0)],
"i_opt_28":[(0.000000334, 0.0), (0.000000320, 0.0), (0.000000331, 0.0), (0.000000328, 0.0), (0.000000316, 0.0)],
"i_opt_29":[(0.000000332, 0.0), (0.000000326, 0.0), (0.000000316, 0.0), (0.000000320, 0.0), (0.000000318, 0.0)],
"i_opt_30":[(0.000000326, 0.0), (0.000000344, 0.0), (0.000000357, 0.0), (0.000000329, 0.0), (0.000000332, 0.0)],
"i_opt_31":[(0.000000341, 0.0), (0.000000350, 0.0), (0.000000335, 0.0), (0.000000332, 0.0), (0.000000327, 0.0)],
"i_opt_32":[(0.000000344, 0.0), (0.000000356, 0.0), (0.000000336, 0.0), (0.000000357, 0.0), (0.000000366, 0.0)],
"i_opt_33":[(0.000000330, 0.0), (0.000000336, 0.0), (0.000000331, 0.0), (0.000000346, 0.0), (0.000000333, 0.0)],
"i_opt_34":[(0.000000368, 0.0), (0.000000347, 0.0), (0.000000387, 0.0), (0.000000347, 0.0), (0.000000341, 0.0)],
"i_amort_50000":[(0.000000460, 0.0), (0.000000453, 0.0), (0.000000438, 0.0), (0.000000415, 0.0), (0.000000434, 0.0)],
"i_amort_100000":[(0.000000446, 0.0), (0.000000488, 0.0), (0.000000485, 0.0), (0.000000483, 0.0), (0.000000471, 0.0)],
"i_amort_150000":[(0.000000471, 0.0), (0.000000575, 0.0), (0.000000580, 0.0), (0.000000540, 0.0), (0.000000588, 0.0)],
"i_amort_200000":[(0.000000519, 0.0), (0.000000638, 0.0), (0.000000657, 0.0), (0.000000686, 0.0), (0.000000651, 0.0)],
"i_amort_250000":[(0.000000563, 0.0), (0.000000801, 0.0), (-0.000006289, 0.0), (0.000000801, 0.0), (0.000000757, 0.0)],
"i_amort_300000":[(0.000000605, 0.0), (0.000000824, 0.0), (0.000000810, 0.0), (0.000000817, 0.0), (0.000000794, 0.0)],
"i_amort_350000":[(0.000000667, 0.0), (0.000000923, 0.0), (0.000000896, 0.0), (0.000000897, 0.0), (0.000000876, 0.0)],
"i_amort_400000":[(0.000000656, 0.0), (0.000000908, 0.0), (0.000000981, 0.0), (0.000000956, 0.0), (0.000000935, 0.0)],
"i_amort_450000":[(0.000000693, 0.0), (0.000000957, 0.0), (0.000001035, 0.0), (0.000001016, 0.0), (0.000000988, 0.0)],
"i_amort_500000":[(0.000000744, 0.0), (0.000001043, 0.0), (0.000001076, 0.0), (0.000001029, 0.0), (0.000001005, 0.0)],
"d_opt15":[(0.000000046, 0.0), (0.000000039, 0.0), (0.000000040, 0.0), (0.000000040, 0.0), (0.000000039, 0.0)],
"d_opt16":[(0.000000137, 0.0), (0.000000102, 0.0), (0.000000062, 0.0), (0.000000062, 0.0), (0.000000064, 0.0)],
"d_opt17":[(0.000000210, 0.0), (0.000000105, 0.0), (0.000000103, 0.0), (0.000000102, 0.0), (0.000000102, 0.0)],
"d_opt18":[(0.000000202, 0.0), (0.000000163, 0.0), (0.000000167, 0.0), (0.000000163, 0.0), (0.000000168, 0.0)],
"d_opt19":[(0.000000346, 0.0), (0.000000247, 0.0), (0.000000246, 0.0), (0.000000350, 0.0), (0.000000275, 0.0)],
"d_opt20":[(0.000000259, 0.0), (0.000000256, 0.0), (0.000000259, 0.0), (0.000000268, 0.0), (0.000000289, 0.0)],
"d_opt21":[(0.000000277, 0.0), (0.000000261, 0.0), (0.000000262, 0.0), (0.000000270, 0.0), (0.000000275, 0.0)],
"d_opt22":[(0.000000281, 0.0), (0.000000334, 0.0), (0.000000269, 0.0), (0.000000267, 0.0), (0.000000275, 0.0)],
"d_opt23":[(0.000000285, 0.0), (0.000000281, 0.0), (0.000000294, 0.0), (0.000000299, 0.0), (0.000000311, 0.0)],
"d_opt24":[(0.000000308, 0.0), (0.000000284, 0.0), (0.000000283, 0.0), (0.000000286, 0.0), (0.000000296, 0.0)],
"d_opt25":[(0.000000294, 0.0), (0.000000422, 0.0), (0.000000315, 0.0), (0.000000313, 0.0), (0.000000293, 0.0)],
"d_opt26":[(0.000000306, 0.0), (0.000000301, 0.0), (0.000000317, 0.0), (0.000000307, 0.0), (0.000000310, 0.0)],
"d_opt27":[(0.000000308, 0.0), (0.000000387, 0.0), (0.000000316, 0.0), (0.000000322, 0.0), (0.000000317, 0.0)],
"d_opt28":[(0.000000403, 0.0), (0.000000315, 0.0), (0.000000316, 0.0), (0.000000322, 0.0), (0.000000325, 0.0)],
"d_opt29":[(0.000000322, 0.0), (0.000000324, 0.0), (0.000000332, 0.0), (0.000000314, 0.0), (0.000000332, 0.0)],
"d_opt30":[(0.000000324, 0.0), (0.000000324, 0.0), (0.000000324, 0.0), (0.000000326, 0.0), (0.000000332, 0.0)],
"d_opt31":[(0.000000332, 0.0), (0.000000327, 0.0), (0.000000334, 0.0), (0.000000344, 0.0), (0.000000333, 0.0)],
"d_opt32":[(0.000000337, 0.0), (0.000000338, 0.0), (0.000000348, 0.0), (0.000000374, 0.0), (0.000000341, 0.0)],
"d_opt33":[(0.000000352, 0.0), (0.000000350, 0.0), (0.000000351, 0.0), (0.000000405, 0.0), (0.000000354, 0.0)],
"d_opt34":[(0.000000350, 0.0), (0.000000358, 0.0), (0.000000349, 0.0), (0.000000340, 0.0), (0.000000350, 0.0)],
"d_worst15":[(0.000000328, 0.0), (0.000000187, 0.0), (0.000000186, 0.0), (0.000000186, 0.0), (0.000000181, 0.0)],
"d_worst16":[(0.000000187, 0.0), (0.000000208, 0.0), (0.000000187, 0.0), (0.000000188, 0.0), (0.000000191, 0.0)],
"d_worst17":[(0.000000211, 0.0), (0.000000230, 0.0), (0.000000206, 0.0), (0.000000210, 0.0), (0.000000206, 0.0)],
"d_worst18":[(0.000000318, 0.0), (0.000000226, 0.0), (0.000000225, 0.0), (0.000000226, 0.0), (0.000000230, 0.0)],
"d_worst19":[(0.000000268, 0.0), (0.000000270, 0.0), (0.000000259, 0.0), (0.000000263, 0.0), (0.000000274, 0.0)],
"d_worst20":[(0.000000296, 0.0), (0.000000264, 0.0), (0.000000264, 0.0), (0.000000269, 0.0), (0.000000280, 0.0)],
"d_worst21":[(0.000000286, 0.0), (0.000000288, 0.0), (0.000000292, 0.0), (0.000000305, 0.0), (0.000000303, 0.0)],
"d_worst22":[(0.000000313, 0.0), (0.000000295, 0.0), (0.000000285, 0.0), (0.000000288, 0.0), (0.000000285, 0.0)],
"d_worst23":[(0.000000284, 0.0), (0.000000291, 0.0), (0.000000308, 0.0), (0.000000295, 0.0), (0.000000289, 0.0)],
"d_worst24":[(0.000000388, 0.0), (0.000000298, 0.0), (0.000000284, 0.0), (0.000000307, 0.0), (0.000000295, 0.0)],
"d_worst25":[(0.000000280, 0.0), (0.000000286, 0.0), (0.000000296, 0.0), (0.000000284, 0.0), (0.000000289, 0.0)],
"d_worst26":[(0.000000307, 0.0), (0.000000296, 0.0), (0.000000298, 0.0), (0.000000305, 0.0), (0.000000292, 0.0)],
"d_worst27":[(0.000000336, 0.0), (0.000000297, 0.0), (0.000000299, 0.0), (0.000000306, 0.0), (0.000000299, 0.0)],
"d_worst28":[(0.000000305, 0.0), (0.000000305, 0.0), (0.000000311, 0.0), (0.000000312, 0.0), (0.000000305, 0.0)],
"d_worst29":[(0.000000315, 0.0), (0.000000311, 0.0), (0.000000310, 0.0), (0.000000312, 0.0), (0.000000335, 0.0)],
"d_worst30":[(0.000000313, 0.0), (0.000000316, 0.0), (0.000000317, 0.0), (0.000000318, 0.0), (0.000000317, 0.0)],
"d_worst31":[(0.000000316, 0.0), (0.000000320, 0.0), (0.000000321, 0.0), (0.000000319, 0.0), (0.000000330, 0.0)],
"d_worst32":[(0.000000342, 0.0), (0.000000328, 0.0), (0.000000328, 0.0), (0.000000326, 0.0), (0.000000340, 0.0)],
"d_worst33":[(0.000000330, 0.0), (0.000000332, 0.0), (0.000000332, 0.0), (0.000000335, 0.0), (0.000000339, 0.0)],
"d_worst34":[(0.000000338, 0.0), (0.000000344, 0.0), (0.000000338, 0.0), (0.000000339, 0.0), (0.000000347, 0.0)],
"d_amort_50000":[(0.000000259, 0.0), (0.000000249, 0.0), (0.000000251, 0.0), (0.000000238, 0.0), (0.000000288, 0.0)],
"d_amort_100000":[(0.000000251, 0.0), (0.000000237, 0.0), (0.000000241, 0.0), (0.000000248, 0.0), (0.000000237, 0.0)],
"d_amort_150000":[(0.000000285, 0.0), (0.000000323, 0.0), (0.000000340, 0.0), (0.000000309, 0.0), (0.000000302, 0.0)],
"d_amort_200000":[(0.000000328, 0.0), (0.000000379, 0.0), (0.000000349, 0.0), (0.000000363, 0.0), (0.000000357, 0.0)],
"d_amort_250000":[(0.000000409, 0.0), (0.000000400, 0.0), (0.000000419, 0.0), (0.000000403, 0.0), (0.000000416, 0.0)],
"d_amort_300000":[(0.000000419, 0.0), (0.000000450, 0.0), (0.000000448, 0.0), (0.000000440, 0.0), (0.000000451, 0.0)],
"d_amort_350000":[(0.000000430, 0.0), (0.000000487, 0.0), (0.000000495, 0.0), (0.000000503, 0.0), (0.000000487, 0.0)],
"d_amort_400000":[(0.000000498, 0.0), (0.000000510, 0.0), (0.000000498, 0.0), (0.000000509, 0.0), (0.000000526, 0.0)],
"d_amort_450000":[(0.000000468, 0.0), (0.000000545, 0.0), (0.000000542, 0.0), (0.000000538, 0.0), (0.000000541, 0.0)],
"d_amort_500000":[(0.000000494, 0.0), (0.000000574, 0.0), (0.000000552, 0.0), (0.000000555, 0.0), (0.000000564, 0.0)],
