"i_amort_50000":[(0.000000526, 41.943040000), (0.000000580, 41.943040000), (0.000000553, 41.943040000), (0.000000604, 41.943040000), (0.000000543, 41.943040000), (0.000000578, 41.943040000), (0.000000600, 41.943040000), (0.000000625, 41.943040000), (0.000000588, 41.943040000), (0.000000594, 41.943040000)],
"i_amort_100000":[(0.000000713, 41.943040000), (0.000000622, 41.943040000), (0.000000634, 41.943040000), (0.000000591, 41.943040000), (0.000000870, 41.943040000), (0.000001097, 41.943040000), (0.000000692, 41.943040000), (0.000000680, 41.943040000), (0.000000630, 41.943040000), (0.000000721, 41.943040000)],
"i_amort_150000":[(0.000000789, 55.924053333), (0.000000721, 55.924053333), (0.000000659, 55.924053333), (0.000000878, 55.924053333), (0.000000750, 55.924053333), (0.000000701, 55.924053333), (0.000000675, 55.924053333), (0.000000779, 55.924053333), (0.000000749, 55.924053333), (0.000000721, 55.924053333)],
"i_amort_200000":[(0.000000834, 41.943040000), (0.000000959, 41.943040000), (0.000000787, 41.943040000), (0.000000805, 41.943040000), (0.000000758, 41.943040000), (0.000000716, 41.943040000), (0.000000949, 41.943040000), (0.000000791, 41.943040000), (0.000000708, 41.943040000), (0.000000714, 41.943040000)],
"i_amort_250000":[(0.000000864, 33.554432000), (0.000000870, 33.554432000), (0.000000734, 33.554432000), (0.000000750, 33.554432000), (0.000000776, 33.554432000), (0.000000786, 33.554432000), (0.000000752, 33.554432000), (0.000000791, 33.554432000), (0.000000777, 33.554432000), (0.000000755, 33.554432000)],
"i_amort_300000":[(0.000000826, 55.924053333), (0.000000833, 55.924053333), (0.000000913, 55.924053333), (0.000000864, 55.924053333), (0.000000819, 55.924053333), (0.000000825, 55.924053333), (0.000001132, 55.924053333), (0.000000864, 55.924053333), (0.000000811, 55.924053333), (0.000000804, 55.924053333)],
"i_amort_350000":[(0.000000892, 47.934902857), (0.000000967, 47.934902857), (0.000000849, 47.934902857), (0.000000829, 47.934902857), (0.000000903, 47.934902857), (0.000000868, 47.934902857), (0.000000887, 47.934902857), (0.000000928, 47.934902857), (0.000000896, 47.934902857), (0.000000865, 47.934902857)],
"i_amort_400000":[(0.000001143, 41.943040000), (0.000000935, 41.943040000), (0.000000927, 41.943040000), (0.000001059, 41.943040000), (0.000000924, 41.943040000), (0.000001016, 41.943040000), (0.000000993, 41.943040000), (0.000001025, 41.943040000), (0.000001000, 41.943040000), (0.000001005, 41.943040000)],
"i_amort_450000":[(0.000001059, 37.282702222), (0.000001011, 37.282702222), (0.000001035, 37.282702222), (0.000001000, 37.282702222), (0.000000979, 37.282702222), (0.000001022, 37.282702222), (0.000000989, 37.282702222), (0.000000933, 37.282702222), (0.000000942, 37.282702222), (0.000000959, 37.282702222)],
"i_amort_500000":[(0.000001080, 33.554432000), (0.000001077, 33.554432000), (0.000001017, 33.554432000), (0.000000962, 33.554432000), (0.000000955, 33.554432000), (0.000000983, 33.554432000), (0.000000979, 33.554432000), (0.000000973, 33.554432000), (0.000000988, 33.554432000), (0.000000992, 33.554432000)],
"i_amort_550000":[(0.000001044, 61.008058182), (0.000000997, 61.008058182), (0.000000995, 61.008058182), (0.000001048, 61.008058182), (0.000000997, 61.008058182), (0.000000997, 61.008058182), (0.000001003, 61.008058182), (0.000001025, 61.008058182), (0.000000991, 61.008058182), (0.000001005, 61.008058182)],
"i_amort_600000":[(0.000001064, 55.924053333), (0.000001033, 55.924053333), (0.000001044, 55.924053333), (0.000001037, 55.924053333), (0.000001054, 55.924053333), (0.000001020, 55.924053333), (0.000001050, 55.924053333), (0.000001024, 55.924053333), (0.000001121, 55.924053333), (0.000001090, 55.924053333)],
"i_amort_650000":[(0.000001124, 51.622203077), (0.000001110, 51.622203077), (0.000001163, 51.622203077), (0.000001193, 51.622203077), (0.000001139, 51.622203077), (0.000001171, 51.622203077), (0.000001129, 51.622203077), (0.000001183, 51.622203077), (0.000001181, 51.622203077), (0.000001114, 51.622203077)],
"i_amort_700000":[(0.000001271, 47.934902857), (0.000001118, 47.934902857), (0.000001118, 47.934902857), (0.000001181, 47.934902857), (0.000001198, 47.934902857), (0.000001127, 47.934902857), (0.000001219, 47.934902857), (0.000001159, 47.934902857), (0.000001180, 47.934902857), (0.000001177, 47.934902857)],
"i_amort_750000":[(0.000001217, 44.739242667), (0.000001129, 44.739242667), (0.000001166, 44.739242667), (0.000001120, 44.739242667), (0.000001141, 44.739242667), (0.000001129, 44.739242667), (0.000001164, 44.739242667), (0.000001164, 44.739242667), (0.000001150, 44.739242667), (0.000001150, 44.739242667)],
"i_amort_800000":[(0.000001179, 41.943040000), (0.000001171, 41.943040000), (0.000001231, 41.943040000), (0.000001203, 41.943040000), (0.000001260, 41.943040000), (0.000001168, 41.943040000), (0.000001185, 41.943040000), (0.000001197, 41.943040000), (0.000001176, 41.943040000), (0.000001166, 41.943040000)],
"i_amort_850000":[(0.000001215, 39.475802353), (0.000001199, 39.475802353), (0.000001138, 39.475802353), (0.000001182, 39.475802353), (0.000001194, 39.475802353), (0.000001422, 39.475802353), (0.000001176, 39.475802353), (0.000001197, 39.475802353), (0.000001137, 39.475802353), (0.000001200, 39.475802353)],
"i_amort_900000":[(0.000001220, 37.282702222), (0.000001277, 37.282702222), (0.000001249, 37.282702222), (0.000001240, 37.282702222), (0.000001446, 37.282702222), (0.000001244, 37.282702222), (0.000001252, 37.282702222), (0.000001244, 37.282702222), (0.000001171, 37.282702222), (0.000001279, 37.282702222)],
"i_amort_950000":[(0.000001271, 35.320454737), (0.000001198, 35.320454737), (0.000001241, 35.320454737), (0.000001232, 35.320454737), (0.000001175, 35.320454737), (0.000001226, 35.320454737), (0.000001226, 35.320454737), (0.000001090, 35.320454737), (0.000001089, 35.320454737), (0.000001200, 35.320454737)],
"i_amort_1000000":[(0.000001254, 33.554432000), (0.000001239, 33.554432000), (0.000001253, 33.554432000), (0.000001217, 33.554432000), (0.000001208, 33.554432000), (0.000001229, 33.554432000), (0.000001203, 33.554432000), (0.000001328, 33.554432000), (0.000001263, 33.554432000), (0.000001242, 33.554432000)],
"d_amort_50000":[(0.000000619, 83.886080000), (0.000000629, 83.886080000), (0.000000524, 83.886080000), (0.000000645, 83.886080000), (0.000000649, 83.886080000), (0.000000650, 83.886080000), (0.000000609, 83.886080000), (0.000000602, 83.886080000), (0.000000623, 83.886080000), (0.000000614, 83.886080000)],
"d_amort_100000":[(0.000000642, 83.886080000), (0.000000667, 83.886080000), (0.000000672, 83.886080000), (0.000000615, 83.886080000), (0.000000664, 83.886080000), (0.000000615, 83.886080000), (0.000000690, 83.886080000), (0.000000692, 83.886080000), (0.000000880, 83.886080000), (0.000000657, 83.886080000)],
"d_amort_150000":[(0.000000833, 111.848106667), (0.000000994, 111.848106667), (0.000000693, 111.848106667), (0.000000782, 111.848106667), (0.000000828, 111.848106667), (0.000000887, 111.848106667), (0.000000961, 111.848106667), (0.000000987, 111.848106667), (0.000000848, 111.848106667), (0.000000784, 111.848106667)],
"d_amort_200000":[(0.000000875, 83.886080000), (0.000001031, 83.886080000), (0.000000881, 83.886080000), (0.000000861, 83.886080000), (0.000000828, 83.886080000), (0.000000990, 83.886080000), (0.000000960, 83.886080000), (0.000000879, 83.886080000), (0.000001009, 83.886080000), (0.000000970, 83.886080000)],
"d_amort_250000":[(0.000000996, 67.108864000), (0.000000976, 67.108864000), (0.000001070, 67.108864000), (0.000001001, 67.108864000), (0.000001184, 67.108864000), (0.000001012, 67.108864000), (0.000001093, 67.108864000), (0.000000994, 67.108864000), (0.000001260, 67.108864000), (0.000001038, 67.108864000)],
"d_amort_300000":[(0.000001057, 111.848106667), (0.000001135, 111.848106667), (0.000001129, 111.848106667), (0.000001055, 111.848106667), (0.000001085, 111.848106667), (0.000001089, 111.848106667), (0.000001069, 111.848106667), (0.000001170, 111.848106667), (0.000001255, 111.848106667), (0.000001054, 111.848106667)],
"d_amort_350000":[(0.000001129, 95.869805714), (0.000001120, 95.869805714), (0.000001134, 95.869805714), (0.000001131, 95.869805714), (0.000001151, 95.869805714), (0.000001108, 95.869805714), (0.000001108, 95.869805714), (0.000001174, 95.869805714), (0.000001245, 95.869805714), (0.000001112, 95.869805714)],
"d_amort_400000":[(0.000001193, 83.886080000), (0.000001253, 83.886080000), (0.000001233, 83.886080000), (0.000001306, 83.886080000), (0.000001292, 83.886080000), (0.000001219, 83.886080000), (0.000001170, 83.886080000), (0.000001152, 83.886080000), (0.000001164, 83.886080000), (0.000001142, 83.886080000)],
"d_amort_450000":[(0.000001181, 74.565404444), (0.000001240, 74.565404444), (0.000001217, 74.565404444), (0.000001300, 74.565404444), (0.000001227, 74.565404444), (0.000001204, 74.565404444), (0.000001219, 74.565404444), (0.000001430, 74.565404444), (0.000001187, 74.565404444), (0.000001178, 74.565404444)],
"d_amort_500000":[(0.000001241, 67.108864000), (0.000001237, 67.108864000), (0.000001224, 67.108864000), (0.000001232, 67.108864000), (0.000001220, 67.108864000), (0.000001240, 67.108864000), (0.000001217, 67.108864000), (0.000001215, 67.108864000), (0.000001278, 67.108864000), (0.000001230, 67.108864000)],
"d_amort_550000":[(0.000001272, 122.016116364), (0.000001281, 122.016116364), (0.000001268, 122.016116364), (0.000001404, 122.016116364), (0.000001312, 122.016116364), (0.000001289, 122.016116364), (0.000001274, 122.016116364), (0.000001263, 122.016116364), (0.000001303, 122.016116364), (0.000001406, 122.016116364)],
"d_amort_600000":[(0.000001372, 111.848106667), (0.000001382, 111.848106667), (0.000001328, 111.848106667), (0.000001504, 111.848106667), (0.000001317, 111.848106667), (0.000001390, 111.848106667), (0.000001346, 111.848106667), (0.000001429, 111.848106667), (0.000001298, 111.848106667), (0.000001302, 111.848106667)],
"d_amort_650000":[(0.000001357, 103.244406154), (0.000001350, 103.244406154), (0.000001356, 103.244406154), (0.000001331, 103.244406154), (0.000001349, 103.244406154), (0.000001320, 103.244406154), (0.000001344, 103.244406154), (0.000001337, 103.244406154), (0.000001343, 103.244406154), (0.000001331, 103.244406154)],
"d_amort_700000":[(0.000001354, 95.869805714), (0.000001373, 95.869805714), (0.000001367, 95.869805714), (0.000001368, 95.869805714), (0.000001392, 95.869805714), (0.000001453, 95.869805714), (0.000001508, 95.869805714), (0.000001467, 95.869805714), (0.000001391, 95.869805714), (0.000001492, 95.869805714)],
"d_amort_750000":[(0.000001402, 89.478485333), (0.000001405, 89.478485333), (0.000001403, 89.478485333), (0.000001390, 89.478485333), (0.000001388, 89.478485333), (0.000001374, 89.478485333), (0.000001402, 89.478485333), (0.000001380, 89.478485333), (0.000001406, 89.478485333), (0.000001417, 89.478485333)],
"d_amort_800000":[(0.000001411, 83.886080000), (0.000001422, 83.886080000), (0.000001418, 83.886080000), (0.000001423, 83.886080000), (0.000001423, 83.886080000), (0.000001395, 83.886080000), (0.000001449, 83.886080000), (0.000001411, 83.886080000), (0.000001418, 83.886080000), (0.000001424, 83.886080000)],
"d_amort_850000":[(0.000001459, 78.951604706), (0.000001461, 78.951604706), (0.000001463, 78.951604706), (0.000001447, 78.951604706), (0.000001441, 78.951604706), (0.000001431, 78.951604706), (0.000001457, 78.951604706), (0.000001442, 78.951604706), (0.000001451, 78.951604706), (0.000001439, 78.951604706)],
"d_amort_900000":[(0.000001479, 74.565404444), (0.000001487, 74.565404444), (0.000001462, 74.565404444), (0.000001452, 74.565404444), (0.000001452, 74.565404444), (0.000001482, 74.565404444), (0.000001465, 74.565404444), (0.000001451, 74.565404444), (0.000001445, 74.565404444), (0.000001448, 74.565404444)],
"d_amort_950000":[(0.000001550, 70.640909474), (0.000001602, 70.640909474), (0.000001511, 70.640909474), (0.000001743, 70.640909474), (0.000001650, 70.640909474), (0.000001547, 70.640909474), (0.000001513, 70.640909474), (0.000001479, 70.640909474), (0.000001487, 70.640909474), (0.000001496, 70.640909474)],
"d_amort_1000000":[(0.000001510, 67.108864000), (0.000001512, 67.108864000), (0.000001521, 67.108864000), (0.000001506, 67.108864000), (0.000001512, 67.108864000), (0.000001545, 67.108864000), (0.000001518, 67.108864000), (0.000001527, 67.108864000), (0.000001531, 67.108864000), (0.000001522, 67.108864000)],
