"i_amort_50000":[(0.000000580, 31.457280000), (0.000000623, 31.457280000), (0.000000591, 31.457280000), (0.000000583, 31.457280000), (0.000000592, 31.457280000), (0.000000603, 31.457280000), (0.000000609, 31.457280000), (0.000000601, 31.457280000), (0.000000607, 31.457280000), (0.000000597, 31.457280000)],
"i_amort_100000":[(0.000000676, 31.457280000), (0.000000616, 31.457280000), (0.000000647, 31.457280000), (0.000000655, 31.457280000), (0.000000648, 31.457280000), (0.000000638, 31.457280000), (0.000000648, 31.457280000), (0.000000649, 31.457280000), (0.000000622, 31.457280000), (0.000000653, 31.457280000)],
"i_amort_150000":[(0.000000739, 41.943040000), (0.000000739, 41.943040000), (0.000000701, 41.943040000), (0.000000733, 41.943040000), (0.000000769, 41.943040000), (0.000000766, 41.943040000), (0.000000732, 41.943040000), (0.000000702, 41.943040000), (0.000000696, 41.943040000), (0.000000700, 41.943040000)],
"i_amort_200000":[(0.000000766, 31.457280000), (0.000000721, 31.457280000), (0.000000780, 31.457280000), (0.000000816, 31.457280000), (0.000000801, 31.457280000), (0.000000721, 31.457280000), (0.000000741, 31.457280000), (0.000000734, 31.457280000), (0.000000742, 31.457280000), (0.000000756, 31.457280000)],
"i_amort_250000":[(0.000000838, 25.165824000), (0.000000873, 25.165824000), (0.000000797, 25.165824000), (0.000000780, 25.165824000), (0.000000778, 25.165824000), (0.000000768, 25.165824000), (0.000000765, 25.165824000), (0.000000771, 25.165824000), (0.000000751, 25.165824000), (0.000000819, 25.165824000)],
"i_amort_300000":[(0.000000868, 41.943040000), (0.000000854, 41.943040000), (0.000000879, 41.943040000), (0.000000846, 41.943040000), (0.000000837, 41.943040000), (0.000000824, 41.943040000), (0.000000828, 41.943040000), (0.000000833, 41.943040000), (0.000000807, 41.943040000), (0.000000845, 41.943040000)],
"i_amort_350000":[(0.000000924, 35.951177143), (0.000000890, 35.951177143), (0.000000847, 35.951177143), (0.000000859, 35.951177143), (0.000000831, 35.951177143), (0.000000865, 35.951177143), (0.000000899, 35.951177143), (0.000000854, 35.951177143), (0.000000876, 35.951177143), (0.000000910, 35.951177143)],
"i_amort_400000":[(0.000000945, 31.457280000), (0.000000904, 31.457280000), (0.000000889, 31.457280000), (0.000000910, 31.457280000), (0.000000923, 31.457280000), (0.000000934, 31.457280000), (0.000000938, 31.457280000), (0.000000918, 31.457280000), (0.000000882, 31.457280000), (0.000000915, 31.457280000)],
"i_amort_450000":[(0.000000994, 27.962026667), (0.000000942, 27.962026667), (0.000001004, 27.962026667), (0.000000964, 27.962026667), (0.000000951, 27.962026667), (0.000000974, 27.962026667), (0.000000958, 27.962026667), (0.000001014, 27.962026667), (0.000000963, 27.962026667), (0.000000973, 27.962026667)],
"i_amort_500000":[(0.000001024, 25.165824000), (0.000000998, 25.165824000), (0.000000999, 25.165824000), (0.000000998, 25.165824000), (0.000000982, 25.165824000), (0.000001001, 25.165824000), (0.000000983, 25.165824000), (0.000001046, 25.165824000), (0.000001005, 25.165824000), (0.000001000, 25.165824000)],
"i_amort_550000":[(0.000001072, 45.756043636), (0.000001051, 45.756043636), (0.000001041, 45.756043636), (0.000001024, 45.756043636), (0.000001026, 45.756043636), (0.000001031, 45.756043636), (0.000001065, 45.756043636), (0.000001021, 45.756043636), (0.000001041, 45.756043636), (0.000001035, 45.756043636)],
"i_amort_600000":[(0.000001114, 41.943040000), (0.000001069, 41.943040000), (0.000001052, 41.943040000), (0.000001050, 41.943040000), (0.000001083, 41.943040000), (0.000001064, 41.943040000), (0.000001054, 41.943040000), (0.000001102, 41.943040000), (0.000001057, 41.943040000), (0.000001055, 41.943040000)],
"i_amort_650000":[(0.000001105, 38.716652308), (0.000001095, 38.716652308), (0.000001075, 38.716652308), (0.000001074, 38.716652308), (0.000001095, 38.716652308), (0.000001096, 38.716652308), (0.000001106, 38.716652308), (0.000001070, 38.716652308), (0.000001111, 38.716652308), (0.000001052, 38.716652308)],
"i_amort_700000":[(0.000001130, 35.951177143), (0.000001139, 35.951177143), (0.000001178, 35.951177143), (0.000001112, 35.951177143), (0.000001120, 35.951177143), (0.000001085, 35.951177143), (0.000001092, 35.951177143), (0.000001100, 35.951177143), (0.000001117, 35.951177143), (0.000001105, 35.951177143)],
"i_amort_750000":[(0.000001184, 33.554432000), (0.000001124, 33.554432000), (0.000001125, 33.554432000), (0.000001139, 33.554432000), (0.000001143, 33.554432000), (0.000001123, 33.554432000), (0.000001165, 33.554432000), (0.000001145, 33.554432000), (0.000001135, 33.554432000), (0.000001147, 33.554432000)],
"i_amort_800000":[(0.000001176, 31.457280000), (0.000001167, 31.457280000), (0.000001136, 31.457280000), (0.000001139, 31.457280000), (0.000001173, 31.457280000), (0.000001151, 31.457280000), (0.000001159, 31.457280000), (0.000001202, 31.457280000), (0.000001157, 31.457280000), (0.000001168, 31.457280000)],
"i_amort_850000":[(0.000001205, 29.606851765), (0.000001160, 29.606851765), (0.000001138, 29.606851765), (0.000001164, 29.606851765), (0.000001162, 29.606851765), (0.000001152, 29.606851765), (0.000001164, 29.606851765), (0.000001143, 29.606851765), (0.000001152, 29.606851765), (0.000001156, 29.606851765)],
"i_amort_900000":[(0.000001261, 27.962026667), (0.000001202, 27.962026667), (0.000001192, 27.962026667), (0.000001206, 27.962026667), (0.000001196, 27.962026667), (0.000001189, 27.962026667), (0.000001190, 27.962026667), (0.000001204, 27.962026667), (0.000001198, 27.962026667), (0.000001184, 27.962026667)],
"i_amort_950000":[(0.000001256, 26.490341053), (0.000001196, 26.490341053), (0.000001202, 26.490341053), (0.000001192, 26.490341053), (0.000001219, 26.490341053), (0.000001196, 26.490341053), (0.000001226, 26.490341053), (0.000001243, 26.490341053), (0.000001220, 26.490341053), (0.000001210, 26.490341053)],
"i_amort_1000000":[(0.000001259, 25.165824000), (0.000001214, 25.165824000), (0.000001211, 25.165824000), (0.000001204, 25.165824000), (0.000001220, 25.165824000), (0.000001188, 25.165824000), (0.000001182, 25.165824000), (0.000001192, 25.165824000), (0.000001226, 25.165824000), (0.000001225, 25.165824000)],
"d_amort_50000":[(0.000000560, 62.914560000), (0.000000610, 62.914560000), (0.000000603, 62.914560000), (0.000000589, 62.914560000), (0.000000710, 62.914560000), (0.000000734, 62.914560000), (0.000000588, 62.914560000), (0.000000675, 62.914560000), (0.000000699, 62.914560000), (0.000000583, 62.914560000)],
"d_amort_100000":[(0.000000630, 62.914560000), (0.000000691, 62.914560000), (0.000000674, 62.914560000), (0.000000659, 62.914560000), (0.000000662, 62.914560000), (0.000000739, 62.914560000), (0.000000686, 62.914560000), (0.000000716, 62.914560000), (0.000000728, 62.914560000), (0.000000705, 62.914560000)],
"d_amort_150000":[(0.000000731, 83.886080000), (0.000000784, 83.886080000), (0.000000809, 83.886080000), (0.000000779, 83.886080000), (0.000000903, 83.886080000), (0.000000779, 83.886080000), (0.000000864, 83.886080000), (0.000000776, 83.886080000), (0.000000745, 83.886080000), (0.000000741, 83.886080000)],
"d_amort_200000":[(0.000000840, 62.914560000), (0.000000877, 62.914560000), (0.000000874, 62.914560000), (0.000001014, 62.914560000), (0.000000884, 62.914560000), (0.000000882, 62.914560000), (0.000000850, 62.914560000), (0.000000833, 62.914560000), (0.000000859, 62.914560000), (0.000000903, 62.914560000)],
"d_amort_250000":[(0.000000950, 50.331648000), (0.000000969, 50.331648000), (0.000000950, 50.331648000), (0.000000957, 50.331648000), (0.000000935, 50.331648000), (0.000000968, 50.331648000), (0.000000953, 50.331648000), (0.000000972, 50.331648000), (0.000000951, 50.331648000), (0.000000960, 50.331648000)],
"d_amort_300000":[(0.000001070, 83.886080000), (0.000001122, 83.886080000), (0.000001054, 83.886080000), (0.000001079, 83.886080000), (0.000001017, 83.886080000), (0.000001109, 83.886080000), (0.000001085, 83.886080000), (0.000001072, 83.886080000), (0.000001042, 83.886080000), (0.000001059, 83.886080000)],
"d_amort_350000":[(0.000001114, 71.902354286), (0.000001125, 71.902354286), (0.000001141, 71.902354286), (0.000001127, 71.902354286), (0.000001136, 71.902354286), (0.000001110, 71.902354286), (0.000001152, 71.902354286), (0.000001092, 71.902354286), (0.000001124, 71.902354286), (0.000001072, 71.902354286)],
"d_amort_400000":[(0.000001179, 62.914560000), (0.000001178, 62.914560000), (0.000001164, 62.914560000), (0.000001183, 62.914560000), (0.000001174, 62.914560000), (0.000001177, 62.914560000), (0.000001185, 62.914560000), (0.000001197, 62.914560000), (0.000001233, 62.914560000), (0.000001211, 62.914560000)],
"d_amort_450000":[(0.000001263, 55.924053333), (0.000001257, 55.924053333), (0.000001250, 55.924053333), (0.000001287, 55.924053333), (0.000001266, 55.924053333), (0.000001254, 55.924053333), (0.000001263, 55.924053333), (0.000001304, 55.924053333), (0.000001261, 55.924053333), (0.000001245, 55.924053333)],
"d_amort_500000":[(0.000001292, 50.331648000), (0.000001350, 50.331648000), (0.000001313, 50.331648000), (0.000001308, 50.331648000), (0.000001334, 50.331648000), (0.000001311, 50.331648000), (0.000001300, 50.331648000), (0.000001310, 50.331648000), (0.000001287, 50.331648000), (0.000001289, 50.331648000)],
"d_amort_550000":[(0.000001302, 91.512087273), (0.000001298, 91.512087273), (0.000001342, 91.512087273), (0.000001309, 91.512087273), (0.000001317, 91.512087273), (0.000001301, 91.512087273), (0.000001328, 91.512087273), (0.000001364, 91.512087273), (0.000001356, 91.512087273), (0.000001336, 91.512087273)],
"d_amort_600000":[(0.000001353, 83.886080000), (0.000001359, 83.886080000), (0.000001385, 83.886080000), (0.000001902, 83.886080000), (0.000001405, 83.886080000), (0.000001537, 83.886080000), (0.000001464, 83.886080000), (0.000001473, 83.886080000), (0.000001327, 83.886080000), (0.000001348, 83.886080000)],
"d_amort_650000":[(0.000001382, 77.433304615), (0.000001405, 77.433304615), (0.000001392, 77.433304615), (0.000001387, 77.433304615), (0.000001398, 77.433304615), (0.000001403, 77.433304615), (0.000001384, 77.433304615), (0.000001421, 77.433304615), (0.000001389, 77.433304615), (0.000001418, 77.433304615)],
"d_amort_700000":[(0.000001372, 71.902354286), (0.000001382, 71.902354286), (0.000001379, 71.902354286), (0.000001338, 71.902354286), (0.000001336, 71.902354286), (0.000001323, 71.902354286), (0.000001307, 71.902354286), (0.000001337, 71.902354286), (0.000001336, 71.902354286), (0.000001322, 71.902354286)],
"d_amort_750000":[(0.000001408, 67.108864000), (0.000001437, 67.108864000), (0.000001431, 67.108864000), (0.000001434, 67.108864000), (0.000001414, 67.108864000), (0.000001417, 67.108864000), (0.000001434, 67.108864000), (0.000001415, 67.108864000), (0.000001494, 67.108864000), (0.000001454, 67.108864000)],
"d_amort_800000":[(0.000001496, 62.914560000), (0.000001478, 62.914560000), (0.000001465, 62.914560000), (0.000001475, 62.914560000), (0.000001470, 62.914560000), (0.000001499, 62.914560000), (0.000001476, 62.914560000), (0.000001477, 62.914560000), (0.000001490, 62.914560000), (0.000001485, 62.914560000)],
"d_amort_850000":[(0.000001510, 59.213703529), (0.000001518, 59.213703529), (0.000001536, 59.213703529), (0.000001531, 59.213703529), (0.000001517, 59.213703529), (0.000001535, 59.213703529), (0.000001537, 59.213703529), (0.000001498, 59.213703529), (0.000001482, 59.213703529), (0.000001514, 59.213703529)],
"d_amort_900000":[(0.000001517, 55.924053333), (0.000001512, 55.924053333), (0.000001520, 55.924053333), (0.000001530, 55.924053333), (0.000001526, 55.924053333), (0.000001516, 55.924053333), (0.000001511, 55.924053333), (0.000001534, 55.924053333), (0.000001602, 55.924053333), (0.000001509, 55.924053333)],
"d_amort_950000":[(0.000001540, 52.980682105), (0.000001627, 52.980682105), (0.000001572, 52.980682105), (0.000001545, 52.980682105), (0.000001522, 52.980682105), (0.000001547, 52.980682105), (0.000001573, 52.980682105), (0.000001552, 52.980682105), (0.000001604, 52.980682105), (0.000001641, 52.980682105)],
"d_amort_1000000":[(0.000001500, 50.331648000), (0.000001499, 50.331648000), (0.000001510, 50.331648000), (0.000001535, 50.331648000), (0.000001511, 50.331648000), (0.000001526, 50.331648000), (0.000001530, 50.331648000), (0.000001534, 50.331648000), (0.000001544, 50.331648000), (0.000001532, 50.331648000)],
