"i_amort_50000":[(0.000000401, 23.436960000), (0.000000429, 23.436960000), (0.000000403, 23.436960000), (0.000000400, 23.436960000), (0.000000426, 23.436960000), (0.000000440, 23.436960000), (0.000000396, 23.436960000), (0.000000403, 23.436960000), (0.000000411, 23.436960000), (0.000000437, 23.436960000)],
"i_amort_100000":[(0.000000437, 23.412720000), (0.000000495, 23.412720000), (0.000000486, 23.412720000), (0.000000489, 23.412720000), (0.000000546, 23.412720000), (0.000000481, 23.412720000), (0.000000493, 23.412720000), (0.000000503, 23.412720000), (0.000000487, 23.412720000), (0.000000505, 23.412720000)],
"i_amort_150000":[(0.000000521, 23.405120000), (0.000000605, 23.405120000), (0.000000631, 23.405120000), (0.000000594, 23.405120000), (0.000000598, 23.405120000), (0.000000655, 23.405120000), (0.000000661, 23.405120000), (0.000000700, 23.405120000), (0.000000617, 23.405120000), (0.000000623, 23.405120000)],
"i_amort_200000":[(0.000000573, 23.420040000), (0.000000692, 23.420040000), (0.000000717, 23.420040000), (0.000000712, 23.420040000), (0.000000716, 23.420040000), (0.000000674, 23.420040000), (0.000000696, 23.420040000), (0.000000718, 23.420040000), (0.000000699, 23.420040000), (0.000000713, 23.420040000)],
"i_amort_250000":[(0.000000586, 23.417856000), (0.000000805, 23.417856000), (0.000000894, 23.417856000), (0.000000823, 23.417856000), (0.000000817, 23.417856000), (0.000000812, 23.417856000), (0.000000821, 23.417856000), (0.000000838, 23.417856000), (0.000000821, 23.417856000), (0.000000844, 23.417856000)],
"i_amort_300000":[(0.000000670, 23.412640000), (0.000000915, 23.412640000), (0.000000941, 23.412640000), (0.000000925, 23.412640000), (0.000000912, 23.412640000), (0.000000920, 23.412640000), (0.000000935, 23.412640000), (0.000000928, 23.412640000), (0.000000916, 23.412640000), (0.000000967, 23.412640000)],
"i_amort_350000":[(0.000000705, 23.411931429), (0.000000989, 23.411931429), (0.000000993, 23.411931429), (0.000001000, 23.411931429), (0.000000996, 23.411931429), (0.000001013, 23.411931429), (0.000001062, 23.411931429), (0.000001021, 23.411931429), (0.000000998, 23.411931429), (0.000001021, 23.411931429)],
"i_amort_400000":[(0.000000760, 23.414820000), (0.000001084, 23.414820000), (0.000001079, 23.414820000), (0.000001076, 23.414820000), (0.000001063, 23.414820000), (0.000001075, 23.414820000), (0.000001057, 23.414820000), (0.000001114, 23.414820000), (0.000001072, 23.414820000), (0.000001077, 23.414820000)],
"i_amort_450000":[(0.000000782, 23.409013333), (0.000001117, 23.409013333), (0.000001118, 23.409013333), (0.000001112, 23.409013333), (0.000001106, 23.409013333), (0.000001106, 23.409013333), (0.000001130, 23.409013333), (0.000001105, 23.409013333), (0.000001098, 23.409013333), (0.000001092, 23.409013333)],
"i_amort_500000":[(0.000000836, 23.410896000), (0.000001142, 23.410896000), (0.000001140, 23.410896000), (0.000001149, 23.410896000), (0.000001161, 23.410896000), (0.000001139, 23.410896000), (0.000001145, 23.410896000), (0.000001156, 23.410896000), (0.000001159, 23.410896000), (0.000001133, 23.410896000)],
"i_amort_550000":[(0.000000858, 23.411520000), (0.000001215, 23.411520000), (0.000001211, 23.411520000), (0.000001207, 23.411520000), (0.000001228, 23.411520000), (0.000001231, 23.411520000), (0.000001200, 23.411520000), (0.000001220, 23.411520000), (0.000001237, 23.411520000), (0.000001228, 23.411520000)],
"i_amort_600000":[(0.000000895, 23.411360000), (0.000001262, 23.411360000), (0.000001224, 23.411360000), (0.000001223, 23.411360000), (0.000001245, 23.411360000), (0.000001231, 23.411360000), (0.000001229, 23.411360000), (0.000001238, 23.411360000), (0.000001229, 23.411360000), (0.000001224, 23.411360000)],
"i_amort_650000":[(0.000000925, 23.401956923), (0.000001261, 23.401956923), (0.000001268, 23.401956923), (0.000001282, 23.401956923), (0.000001259, 23.401956923), (0.000001275, 23.401956923), (0.000001264, 23.401956923), (0.000001260, 23.401956923), (0.000001283, 23.401956923), (0.000001264, 23.401956923)],
"i_amort_700000":[(0.000000928, 23.411177143), (0.000001335, 23.411177143), (0.000001312, 23.411177143), (0.000001344, 23.411177143), (0.000001331, 23.411177143), (0.000001338, 23.411177143), (0.000001325, 23.411177143), (0.000001328, 23.411177143), (0.000001351, 23.411177143), (0.000001330, 23.411177143)],
"i_amort_750000":[(0.000000992, 23.402240000), (0.000001347, 23.402240000), (0.000001374, 23.402240000), (0.000001358, 23.402240000), (0.000001377, 23.402240000), (0.000001353, 23.402240000), (0.000001353, 23.402240000), (0.000001374, 23.402240000), (0.000001355, 23.402240000), (0.000001361, 23.402240000)],
"i_amort_800000":[(0.000000968, 23.423010000), (0.000001368, 23.423010000), (0.000001364, 23.423010000), (0.000001374, 23.423010000), (0.000001361, 23.423010000), (0.000001370, 23.423010000), (0.000001355, 23.423010000), (0.000001375, 23.423010000), (0.000001357, 23.423010000), (0.000001380, 23.423010000)],
"i_amort_850000":[(0.000001002, 23.407510588), (0.000001390, 23.407510588), (0.000001381, 23.407510588), (0.000001395, 23.407510588), (0.000001386, 23.407510588), (0.000001406, 23.407510588), (0.000001420, 23.407510588), (0.000001406, 23.407510588), (0.000001417, 23.407510588), (0.000001401, 23.407510588)],
"i_amort_900000":[(0.000001049, 23.404000000), (0.000001389, 23.404000000), (0.000001401, 23.404000000), (0.000001383, 23.404000000), (0.000001400, 23.404000000), (0.000001407, 23.404000000), (0.000001392, 23.404000000), (0.000001409, 23.404000000), (0.000001410, 23.404000000), (0.000001415, 23.404000000)],
"i_amort_950000":[(0.000001044, 23.411823158), (0.000001475, 23.411823158), (0.000001465, 23.411823158), (0.000001426, 23.411823158), (0.000001435, 23.411823158), (0.000001425, 23.411823158), (0.000001427, 23.411823158), (0.000001432, 23.411823158), (0.000001422, 23.411823158), (0.000001426, 23.411823158)],
"i_amort_1000000":[(0.000001085, 23.407248000), (0.000001450, 23.407248000), (0.000001457, 23.407248000), (0.000001460, 23.407248000), (0.000001444, 23.407248000), (0.000001451, 23.407248000), (0.000001456, 23.407248000), (0.000001432, 23.407248000), (0.000001424, 23.407248000), (0.000001423, 23.407248000)],
"d_amort_50000":[(0.000000429, 0.000000000), (0.000000451, 0.000000000), (0.000000472, 0.000000000), (0.000000471, 0.000000000), (0.000000465, 0.000000000), (0.000000462, 0.000000000), (0.000000469, 0.000000000), (0.000000465, 0.000000000), (0.000000470, 0.000000000), (0.000000482, 0.000000000)],
"d_amort_100000":[(0.000000472, 0.000000000), (0.000000687, 0.000000000), (0.000000575, 0.000000000), (0.000000546, 0.000000000), (0.000000574, 0.000000000), (0.000000537, 0.000000000), (0.000000533, 0.000000000), (0.000000532, 0.000000000), (0.000000515, 0.000000000), (0.000000509, 0.000000000)],
"d_amort_150000":[(0.000000654, 0.000000000), (0.000000707, 0.000000000), (0.000000694, 0.000000000), (0.000000667, 0.000000000), (0.000000686, 0.000000000), (0.000000648, 0.000000000), (0.000000669, 0.000000000), (0.000000715, 0.000000000), (0.000000689, 0.000000000), (0.000000685, 0.000000000)],
"d_amort_200000":[(0.000000741, 0.000000000), (0.000000766, 0.000000000), (0.000000796, 0.000000000), (0.000000769, 0.000000000), (0.000000851, 0.000000000), (0.000000781, 0.000000000), (0.000000847, 0.000000000), (0.000000822, 0.000000000), (0.000000792, 0.000000000), (0.000000791, 0.000000000)],
"d_amort_250000":[(0.000000839, 0.000000000), (0.000000894, 0.000000000), (0.000000915, 0.000000000), (0.000000914, 0.000000000), (0.000000908, 0.000000000), (0.000000933, 0.000000000), (0.000000907, 0.000000000), (0.000000909, 0.000000000), (0.000000915, 0.000000000), (0.000000897, 0.000000000)],
"d_amort_300000":[(0.000000921, 0.000000000), (0.000001030, 0.000000000), (0.000001038, 0.000000000), (0.000001052, 0.000000000), (0.000001085, 0.000000000), (0.000001050, 0.000000000), (0.000001056, 0.000000000), (0.000001026, 0.000000000), (0.000001053, 0.000000000), (0.000001154, 0.000000000)],
"d_amort_350000":[(0.000001086, 0.000000000), (0.000001136, 0.000000000), (0.000001145, 0.000000000), (0.000001099, 0.000000000), (0.000001180, 0.000000000), (0.000001088, 0.000000000), (0.000001126, 0.000000000), (0.000001095, 0.000000000), (0.000001156, 0.000000000), (0.000001108, 0.000000000)],
"d_amort_400000":[(0.000001042, 0.000000000), (0.000001178, 0.000000000), (0.000001190, 0.000000000), (0.000001169, 0.000000000), (0.000001185, 0.000000000), (0.000001219, 0.000000000), (0.000001202, 0.000000000), (0.000001166, 0.000000000), (0.000001175, 0.000000000), (0.000001167, 0.000000000)],
"d_amort_450000":[(0.000001092, 0.000000000), (0.000001210, 0.000000000), (0.000001226, 0.000000000), (0.000001236, 0.000000000), (0.000001243, 0.000000000), (0.000001223, 0.000000000), (0.000001237, 0.000000000), (0.000001246, 0.000000000), (0.000001298, 0.000000000), (0.000001403, 0.000000000)],
"d_amort_500000":[(0.000001225, 0.000000000), (0.000001479, 0.000000000), (0.000001492, 0.000000000), (0.000001412, 0.000000000), (0.000001469, 0.000000000), (0.000001312, 0.000000000), (0.000001431, 0.000000000), (0.000001324, 0.000000000), (0.000001344, 0.000000000), (0.000001332, 0.000000000)],
"d_amort_550000":[(0.000001220, 0.000000000), (0.000001375, 0.000000000), (0.000001446, 0.000000000), (0.000001375, 0.000000000), (0.000001466, 0.000000000), (0.000001512, 0.000000000), (0.000001478, 0.000000000), (0.000001408, 0.000000000), (0.000001347, 0.000000000), (0.000001460, 0.000000000)],
"d_amort_600000":[(0.000001314, 0.000000000), (0.000001403, 0.000000000), (0.000001435, 0.000000000), (0.000001467, 0.000000000), (0.000001402, 0.000000000), (0.000001614, 0.000000000), (0.000001510, 0.000000000), (0.000001539, 0.000000000), (0.000001474, 0.000000000), (0.000001670, 0.000000000)],
"d_amort_650000":[(0.000001397, 0.000000000), (0.000001542, 0.000000000), (0.000001492, 0.000000000), (0.000001476, 0.000000000), (0.000001484, 0.000000000), (0.000001591, 0.000000000), (0.000001490, 0.000000000), (0.000001491, 0.000000000), (0.000001544, 0.000000000), (0.000001541, 0.000000000)],
"d_amort_700000":[(0.000001390, 0.000000000), (0.000001479, 0.000000000), (0.000001527, 0.000000000), (0.000001533, 0.000000000), (0.000001512, 0.000000000), (0.000001571, 0.000000000), (0.000001565, 0.000000000), (0.000001461, 0.000000000), (0.000001461, 0.000000000), (0.000001566, 0.000000000)],
"d_amort_750000":[(0.000001535, 0.000000000), (0.000001525, 0.000000000), (0.000001554, 0.000000000), (0.000001563, 0.000000000), (0.000001493, 0.000000000), (0.000001609, 0.000000000), (0.000001563, 0.000000000), (0.000001602, 0.000000000), (0.000001518, 0.000000000), (0.000001759, 0.000000000)],
"d_amort_800000":[(0.000001344, 0.000000000), (0.000001672, 0.000000000), (0.000001569, 0.000000000), (0.000001871, 0.000000000), (0.000001588, 0.000000000), (0.000001490, 0.000000000), (0.000001658, 0.000000000), (0.000001731, 0.000000000), (0.000001510, 0.000000000), (0.000001547, 0.000000000)],
"d_amort_850000":[(0.000001383, 0.000000000), (0.000001633, 0.000000000), (0.000001555, 0.000000000), (0.000001561, 0.000000000), (0.000001546, 0.000000000), (0.000001587, 0.000000000), (0.000001681, 0.000000000), (0.000001817, 0.000000000), (0.000001665, 0.000000000), (0.000001786, 0.000000000)],
"d_amort_900000":[(0.000001899, 0.000000000), (0.000001595, 0.000000000), (0.000001757, 0.000000000), (0.000001653, 0.000000000), (0.000001657, 0.000000000), (0.000001640, 0.000000000), (0.000001585, 0.000000000), (0.000001878, 0.000000000), (0.000001741, 0.000000000), (0.000002000, 0.000000000)],
"d_amort_950000":[(0.000001405, 0.000000000), (0.000001546, 0.000000000), (0.000001542, 0.000000000), (0.000001546, 0.000000000), (0.000001565, 0.000000000), (0.000001574, 0.000000000), (0.000001550, 0.000000000), (0.000001589, 0.000000000), (0.000001592, 0.000000000), (0.000001599, 0.000000000)],
"d_amort_1000000":[(0.000001403, 0.000000000), (0.000001597, 0.000000000), (0.000001582, 0.000000000), (0.000001591, 0.000000000), (0.000001604, 0.000000000), (0.000001629, 0.000000000), (0.000001606, 0.000000000), (0.000001571, 0.000000000), (0.000001592, 0.000000000), (0.000001577, 0.000000000)],
