"i_amort_50000":[(0.000000574, 20.971520000), (0.000000591, 20.971520000), (0.000000574, 20.971520000), (0.000000607, 20.971520000), (0.000000587, 20.971520000), (0.000000622, 20.971520000), (0.000000633, 20.971520000), (0.000000639, 20.971520000), (0.000000640, 20.971520000), (0.000000643, 20.971520000)],
"i_amort_100000":[(0.000000638, 20.971520000), (0.000000623, 20.971520000), (0.000000649, 20.971520000), (0.000000624, 20.971520000), (0.000000633, 20.971520000), (0.000000690, 20.971520000), (0.000000616, 20.971520000), (0.000000654, 20.971520000), (0.000000663, 20.971520000), (0.000000640, 20.971520000)],
"i_amort_150000":[(0.000000700, 27.962026667), (0.000000676, 27.962026667), (0.000000729, 27.962026667), (0.000001071, 27.962026667), (0.000000792, 27.962026667), (0.000000812, 27.962026667), (0.000000784, 27.962026667), (0.000000726, 27.962026667), (0.000000734, 27.962026667), (0.000000741, 27.962026667)],
"i_amort_200000":[(0.000000829, 20.971520000), (0.000000714, 20.971520000), (0.000000714, 20.971520000), (0.000000751, 20.971520000), (0.000000792, 20.971520000), (0.000000788, 20.971520000), (0.000000708, 20.971520000), (0.000000689, 20.971520000), (0.000000715, 20.971520000), (0.000000738, 20.971520000)],
"i_amort_250000":[(0.000000851, 16.777216000), (0.000000810, 16.777216000), (0.000000757, 16.777216000), (0.000000737, 16.777216000), (0.000000754, 16.777216000), (0.000000737, 16.777216000), (0.000000757, 16.777216000), (0.000000798, 16.777216000), (0.000000787, 16.777216000), (0.000000761, 16.777216000)],
"i_amort_300000":[(0.000000859, 27.962026667), (0.000000815, 27.962026667), (0.000000832, 27.962026667), (0.000000784, 27.962026667), (0.000000842, 27.962026667), (0.000000852, 27.962026667), (0.000000912, 27.962026667), (0.000000860, 27.962026667), (0.000000880, 27.962026667), (0.000000918, 27.962026667)],
"i_amort_350000":[(0.000000989, 23.967451429), (0.000000953, 23.967451429), (0.000000942, 23.967451429), (0.000000953, 23.967451429), (0.000000925, 23.967451429), (0.000000895, 23.967451429), (0.000000846, 23.967451429), (0.000000896, 23.967451429), (0.000000885, 23.967451429), (0.000000918, 23.967451429)],
"i_amort_400000":[(0.000001050, 20.971520000), (0.000000867, 20.971520000), (0.000000959, 20.971520000), (0.000000936, 20.971520000), (0.000000969, 20.971520000), (0.000000957, 20.971520000), (0.000000946, 20.971520000), (0.000000990, 20.971520000), (0.000000953, 20.971520000), (0.000000967, 20.971520000)],
"i_amort_450000":[(0.000001066, 18.641351111), (0.000000980, 18.641351111), (0.000001066, 18.641351111), (0.000001035, 18.641351111), (0.000000958, 18.641351111), (0.000001003, 18.641351111), (0.000000976, 18.641351111), (0.000000985, 18.641351111), (0.000000988, 18.641351111), (0.000000983, 18.641351111)],
"i_amort_500000":[(0.000001059, 16.777216000), (0.000001029, 16.777216000), (0.000001004, 16.777216000), (0.000000997, 16.777216000), (0.000001004, 16.777216000), (0.000001019, 16.777216000), (0.000000985, 16.777216000), (0.000001028, 16.777216000), (0.000000934, 16.777216000), (0.000001043, 16.777216000)],
"i_amort_550000":[(0.000001142, 30.504029091), (0.000001049, 30.504029091), (0.000000997, 30.504029091), (0.000000934, 30.504029091), (0.000000922, 30.504029091), (0.000000967, 30.504029091), (0.000001029, 30.504029091), (0.000001182, 30.504029091), (0.000001110, 30.504029091), (0.000001119, 30.504029091)],
"i_amort_600000":[(0.000001165, 27.962026667), (0.000001119, 27.962026667), (0.000001079, 27.962026667), (0.000001071, 27.962026667), (0.000000996, 27.962026667), (0.000001112, 27.962026667), (0.000001059, 27.962026667), (0.000000984, 27.962026667), (0.000000960, 27.962026667), (0.000000970, 27.962026667)],
"i_amort_650000":[(0.000001022, 25.811101538), (0.000001067, 25.811101538), (0.000001041, 25.811101538), (0.000000996, 25.811101538), (0.000000965, 25.811101538), (0.000000970, 25.811101538), (0.000000963, 25.811101538), (0.000000999, 25.811101538), (0.000000971, 25.811101538), (0.000000953, 25.811101538)],
"i_amort_700000":[(0.000001049, 23.967451429), (0.000000967, 23.967451429), (0.000000986, 23.967451429), (0.000000988, 23.967451429), (0.000001155, 23.967451429), (0.000001079, 23.967451429), (0.000001053, 23.967451429), (0.000001094, 23.967451429), (0.000000988, 23.967451429), (0.000001002, 23.967451429)],
"i_amort_750000":[(0.000001074, 22.369621333), (0.000001000, 22.369621333), (0.000001011, 22.369621333), (0.000001027, 22.369621333), (0.000001011, 22.369621333), (0.000001002, 22.369621333), (0.000001026, 22.369621333), (0.000001000, 22.369621333), (0.000001005, 22.369621333), (0.000001009, 22.369621333)],
"i_amort_800000":[(0.000001030, 20.971520000), (0.000000991, 20.971520000), (0.000001015, 20.971520000), (0.000000981, 20.971520000), (0.000000998, 20.971520000), (0.000001011, 20.971520000), (0.000000986, 20.971520000), (0.000000998, 20.971520000), (0.000001001, 20.971520000), (0.000000984, 20.971520000)],
"i_amort_850000":[(0.000001075, 19.737901176), (0.000001050, 19.737901176), (0.000001042, 19.737901176), (0.000001050, 19.737901176), (0.000001025, 19.737901176), (0.000001043, 19.737901176), (0.000001058, 19.737901176), (0.000001034, 19.737901176), (0.000001018, 19.737901176), (0.000001065, 19.737901176)],
"i_amort_900000":[(0.000001074, 18.641351111), (0.000001054, 18.641351111), (0.000001052, 18.641351111), (0.000001055, 18.641351111), (0.000001064, 18.641351111), (0.000001046, 18.641351111), (0.000001068, 18.641351111), (0.000001049, 18.641351111), (0.000001035, 18.641351111), (0.000001072, 18.641351111)],
"i_amort_950000":[(0.000001099, 17.660227368), (0.000001077, 17.660227368), (0.000001093, 17.660227368), (0.000001196, 17.660227368), (0.000001051, 17.660227368), (0.000001074, 17.660227368), (0.000001066, 17.660227368), (0.000001113, 17.660227368), (0.000001166, 17.660227368), (0.000001165, 17.660227368)],
"i_amort_1000000":[(0.000001181, 16.777216000), (0.000001107, 16.777216000), (0.000001152, 16.777216000), (0.000001171, 16.777216000), (0.000001148, 16.777216000), (0.000001167, 16.777216000), (0.000001130, 16.777216000), (0.000001161, 16.777216000), (0.000001197, 16.777216000), (0.000001120, 16.777216000)],
"d_amort_50000":[(0.000000737, 41.943040000), (0.000000639, 41.943040000), (0.000000598, 41.943040000), (0.000000655, 41.943040000), (0.000000664, 41.943040000), (0.000000695, 41.943040000), (0.000000609, 41.943040000), (0.000000718, 41.943040000), (0.000000601, 41.943040000), (0.000000669, 41.943040000)],
"d_amort_100000":[(0.000000750, 41.943040000), (0.000000743, 41.943040000), (0.000000715, 41.943040000), (0.000000733, 41.943040000), (0.000000762, 41.943040000), (0.000000661, 41.943040000), (0.000000737, 41.943040000), (0.000000710, 41.943040000), (0.000000745, 41.943040000), (0.000000802, 41.943040000)],
"d_amort_150000":[(0.000000832, 55.924053333), (0.000000860, 55.924053333), (0.000000835, 55.924053333), (0.000000690, 55.924053333), (0.000000871, 55.924053333), (0.000000732, 55.924053333), (0.000000795, 55.924053333), (0.000000750, 55.924053333), (0.000000845, 55.924053333), (0.000000818, 55.924053333)],
"d_amort_200000":[(0.000000899, 41.943040000), (0.000000869, 41.943040000), (0.000001047, 41.943040000), (0.000000941, 41.943040000), (0.000000841, 41.943040000), (0.000000831, 41.943040000), (0.000000924, 41.943040000), (0.000000879, 41.943040000), (0.000000922, 41.943040000), (0.000000846, 41.943040000)],
"d_amort_250000":[(0.000000977, 33.554432000), (0.000000859, 33.554432000), (0.000000823, 33.554432000), (0.000000870, 33.554432000), (0.000000944, 33.554432000), (0.000000955, 33.554432000), (0.000001070, 33.554432000), (0.000000950, 33.554432000), (0.000000975, 33.554432000), (0.000000822, 33.554432000)],
"d_amort_300000":[(0.000000961, 55.924053333), (0.000000951, 55.924053333), (0.000000973, 55.924053333), (0.000001033, 55.924053333), (0.000001064, 55.924053333), (0.000001084, 55.924053333), (0.000001073, 55.924053333), (0.000001075, 55.924053333), (0.000000963, 55.924053333), (0.000000935, 55.924053333)],
"d_amort_350000":[(0.000000950, 47.934902857), (0.000001148, 47.934902857), (0.000001072, 47.934902857), (0.000000994, 47.934902857), (0.000001084, 47.934902857), (0.000001045, 47.934902857), (0.000001090, 47.934902857), (0.000001090, 47.934902857), (0.000000974, 47.934902857), (0.000000989, 47.934902857)],
"d_amort_400000":[(0.000001087, 41.943040000), (0.000001056, 41.943040000), (0.000001051, 41.943040000), (0.000001045, 41.943040000), (0.000001049, 41.943040000), (0.000001030, 41.943040000), (0.000001028, 41.943040000), (0.000001014, 41.943040000), (0.000001031, 41.943040000), (0.000001078, 41.943040000)],
"d_amort_450000":[(0.000001057, 37.282702222), (0.000001091, 37.282702222), (0.000001097, 37.282702222), (0.000001087, 37.282702222), (0.000001132, 37.282702222), (0.000001072, 37.282702222), (0.000001052, 37.282702222), (0.000001086, 37.282702222), (0.000001159, 37.282702222), (0.000001097, 37.282702222)],
"d_amort_500000":[(0.000001101, 33.554432000), (0.000001149, 33.554432000), (0.000001174, 33.554432000), (0.000001146, 33.554432000), (0.000001135, 33.554432000), (0.000001106, 33.554432000), (0.000001128, 33.554432000), (0.000001101, 33.554432000), (0.000001096, 33.554432000), (0.000001106, 33.554432000)],
"d_amort_550000":[(0.000001152, 61.008058182), (0.000001198, 61.008058182), (0.000001168, 61.008058182), (0.000001162, 61.008058182), (0.000001202, 61.008058182), (0.000001156, 61.008058182), (0.000001132, 61.008058182), (0.000001159, 61.008058182), (0.000001139, 61.008058182), (0.000001136, 61.008058182)],
"d_amort_600000":[(0.000001187, 55.924053333), (0.000001176, 55.924053333), (0.000001174, 55.924053333), (0.000001205, 55.924053333), (0.000001182, 55.924053333), (0.000001188, 55.924053333), (0.000001217, 55.924053333), (0.000001219, 55.924053333), (0.000001194, 55.924053333), (0.000001211, 55.924053333)],
"d_amort_650000":[(0.000001271, 51.622203077), (0.000001295, 51.622203077), (0.000001238, 51.622203077), (0.000001250, 51.622203077), (0.000001288, 51.622203077), (0.000001252, 51.622203077), (0.000001208, 51.622203077), (0.000001271, 51.622203077), (0.000001229, 51.622203077), (0.000001235, 51.622203077)],
"d_amort_700000":[(0.000001290, 47.934902857), (0.000001293, 47.934902857), (0.000001323, 47.934902857), (0.000001258, 47.934902857), (0.000001268, 47.934902857), (0.000001455, 47.934902857), (0.000001241, 47.934902857), (0.000001240, 47.934902857), (0.000001240, 47.934902857), (0.000001238, 47.934902857)],
"d_amort_750000":[(0.000001309, 44.739242667), (0.000001296, 44.739242667), (0.000001329, 44.739242667), (0.000001278, 44.739242667), (0.000001319, 44.739242667), (0.000001287, 44.739242667), (0.000001322, 44.739242667), (0.000001268, 44.739242667), (0.000001296, 44.739242667), (0.000001284, 44.739242667)],
"d_amort_800000":[(0.000001303, 41.943040000), (0.000001435, 41.943040000), (0.000001297, 41.943040000), (0.000001356, 41.943040000), (0.000001308, 41.943040000), (0.000001289, 41.943040000), (0.000001280, 41.943040000), (0.000001300, 41.943040000), (0.000001332, 41.943040000), (0.000001325, 41.943040000)],
"d_amort_850000":[(0.000001328, 39.475802353), (0.000001337, 39.475802353), (0.000001468, 39.475802353), (0.000001398, 39.475802353), (0.000001383, 39.475802353), (0.000001400, 39.475802353), (0.000001345, 39.475802353), (0.000001325, 39.475802353), (0.000001368, 39.475802353), (0.000001336, 39.475802353)],
"d_amort_900000":[(0.000001344, 37.282702222), (0.000001326, 37.282702222), (0.000001347, 37.282702222), (0.000001360, 37.282702222), (0.000001395, 37.282702222), (0.000001412, 37.282702222), (0.000001358, 37.282702222), (0.000001370, 37.282702222), (0.000001411, 37.282702222), (0.000001379, 37.282702222)],
"d_amort_950000":[(0.000001441, 35.320454737), (0.000001391, 35.320454737), (0.000001398, 35.320454737), (0.000001437, 35.320454737), (0.000001414, 35.320454737), (0.000001402, 35.320454737), (0.000001417, 35.320454737), (0.000001397, 35.320454737), (0.000001398, 35.320454737), (0.000001391, 35.320454737)],
"d_amort_1000000":[(0.000001460, 33.554432000), (0.000001459, 33.554432000), (0.000001454, 33.554432000), (0.000001433, 33.554432000), (0.000001385, 33.554432000), (0.000001397, 33.554432000), (0.000001393, 33.554432000), (0.000001415, 33.554432000), (0.000001407, 33.554432000), (0.000001447, 33.554432000)],
