"i_amort_50000":[(0.000000414, 23.436960000), (0.000000384, 23.436960000), (0.000000384, 23.436960000), (0.000000369, 23.436960000), (0.000000451, 23.436960000), (0.000000384, 23.436960000), (0.000000407, 23.436960000), (0.000000375, 23.436960000), (0.000000388, 23.436960000), (0.000000400, 23.436960000)],
"i_amort_100000":[(0.000000487, 23.412720000), (0.000000609, 23.412720000), (0.000000488, 23.412720000), (0.000000484, 23.412720000), (0.000000482, 23.412720000), (0.000000493, 23.412720000), (0.000000520, 23.412720000), (0.000000560, 23.412720000), (0.000000504, 23.412720000), (0.000000502, 23.412720000)],
"i_amort_150000":[(0.000000575, 23.405120000), (0.000000595, 23.405120000), (0.000000505, 23.405120000), (0.000000823, 23.405120000), (0.000000629, 23.405120000), (0.000000579, 23.405120000), (0.000000583, 23.405120000), (0.000000581, 23.405120000), (0.000000574, 23.405120000), (0.000000575, 23.405120000)],
"i_amort_200000":[(0.000000523, 23.420040000), (0.000000641, 23.420040000), (0.000000625, 23.420040000), (0.000000642, 23.420040000), (0.000000601, 23.420040000), (0.000000590, 23.420040000), (0.000000605, 23.420040000), (0.000000631, 23.420040000), (0.000000688, 23.420040000), (0.000000625, 23.420040000)],
"i_amort_250000":[(0.000000542, 23.417856000), (0.000000723, 23.417856000), (0.000000692, 23.417856000), (0.000000721, 23.417856000), (0.000000730, 23.417856000), (0.000000710, 23.417856000), (0.000000700, 23.417856000), (0.000000707, 23.417856000), (0.000000726, 23.417856000), (0.000000779, 23.417856000)],
"i_amort_300000":[(0.000000564, 23.412640000), (0.000000773, 23.412640000), (0.000000763, 23.412640000), (0.000000798, 23.412640000), (0.000000775, 23.412640000), (0.000000769, 23.412640000), (0.000000762, 23.412640000), (0.000000786, 23.412640000), (0.000000823, 23.412640000), (0.000000789, 23.412640000)],
"i_amort_350000":[(0.000000585, 23.411931429), (0.000000904, 23.411931429), (0.000000995, 23.411931429), (0.000001243, 23.411931429), (0.000001088, 23.411931429), (0.000000929, 23.411931429), (0.000000935, 23.411931429), (0.000001008, 23.411931429), (0.000000949, 23.411931429), (0.000000976, 23.411931429)],
"i_amort_400000":[(0.000000689, 23.414820000), (0.000001016, 23.414820000), (0.000001021, 23.414820000), (0.000000978, 23.414820000), (0.000001043, 23.414820000), (0.000000979, 23.414820000), (0.000000909, 23.414820000), (0.000000918, 23.414820000), (0.000000924, 23.414820000), (0.000000915, 23.414820000)],
"i_amort_450000":[(0.000000703, 23.409013333), (0.000000972, 23.409013333), (0.000000946, 23.409013333), (0.000000982, 23.409013333), (0.000000967, 23.409013333), (0.000000978, 23.409013333), (0.000000943, 23.409013333), (0.000000968, 23.409013333), (0.000000953, 23.409013333), (0.000001001, 23.409013333)],
"i_amort_500000":[(0.000000718, 23.410896000), (0.000000998, 23.410896000), (0.000001001, 23.410896000), (0.000001023, 23.410896000), (0.000000997, 23.410896000), (0.000001000, 23.410896000), (0.000000988, 23.410896000), (0.000001014, 23.410896000), (0.000000989, 23.410896000), (0.000001133, 23.410896000)],
"i_amort_550000":[(0.000000744, 23.411520000), (0.000001062, 23.411520000), (0.000001040, 23.411520000), (0.000001038, 23.411520000), (0.000001056, 23.411520000), (0.000001032, 23.411520000), (0.000001014, 23.411520000), (0.000001032, 23.411520000), (0.000001076, 23.411520000), (0.000001018, 23.411520000)],
"i_amort_600000":[(0.000000746, 23.411360000), (0.000001079, 23.411360000), (0.000001041, 23.411360000), (0.000001075, 23.411360000), (0.000001082, 23.411360000), (0.000001066, 23.411360000), (0.000001058, 23.411360000), (0.000001085, 23.411360000), (0.000001064, 23.411360000), (0.000001060, 23.411360000)],
"i_amort_650000":[(0.000000775, 23.401956923), (0.000001092, 23.401956923), (0.000001081, 23.401956923), (0.000001093, 23.401956923), (0.000001096, 23.401956923), (0.000001100, 23.401956923), (0.000001107, 23.401956923), (0.000001091, 23.401956923), (0.000001089, 23.401956923), (0.000001121, 23.401956923)],
"i_amort_700000":[(0.000000789, 23.411177143), (0.000001141, 23.411177143), (0.000001125, 23.411177143), (0.000001127, 23.411177143), (0.000001132, 23.411177143), (0.000001121, 23.411177143), (0.000001151, 23.411177143), (0.000001123, 23.411177143), (0.000001123, 23.411177143), (0.000001133, 23.411177143)],
"i_amort_750000":[(0.000000817, 23.402240000), (0.000001175, 23.402240000), (0.000001151, 23.402240000), (0.000001144, 23.402240000), (0.000001184, 23.402240000), (0.000001168, 23.402240000), (0.000001164, 23.402240000), (0.000001167, 23.402240000), (0.000001178, 23.402240000), (0.000001240, 23.402240000)],
"i_amort_800000":[(0.000000845, 23.423010000), (0.000001184, 23.423010000), (0.000001176, 23.423010000), (0.000001160, 23.423010000), (0.000001171, 23.423010000), (0.000001173, 23.423010000), (0.000001177, 23.423010000), (0.000001181, 23.423010000), (0.000001174, 23.423010000), (0.000001179, 23.423010000)],
"i_amort_850000":[(0.000000858, 23.407510588), (0.000001196, 23.407510588), (0.000001174, 23.407510588), (0.000001198, 23.407510588), (0.000001171, 23.407510588), (0.000001202, 23.407510588), (0.000001190, 23.407510588), (0.000001190, 23.407510588), (0.000001190, 23.407510588), (0.000001211, 23.407510588)],
"i_amort_900000":[(0.000000866, 23.404000000), (0.000001235, 23.404000000), (0.000001232, 23.404000000), (0.000001223, 23.404000000), (0.000001231, 23.404000000), (0.000001226, 23.404000000), (0.000001237, 23.404000000), (0.000001213, 23.404000000), (0.000001245, 23.404000000), (0.000001202, 23.404000000)],
"i_amort_950000":[(0.000000891, 23.411823158), (0.000001241, 23.411823158), (0.000001217, 23.411823158), (0.000001239, 23.411823158), (0.000001222, 23.411823158), (0.000001236, 23.411823158), (0.000001219, 23.411823158), (0.000001215, 23.411823158), (0.000001251, 23.411823158), (0.000001242, 23.411823158)],
"i_amort_1000000":[(0.000000907, 23.407248000), (0.000001233, 23.407248000), (0.000001247, 23.407248000), (0.000001255, 23.407248000), (0.000001264, 23.407248000), (0.000001260, 23.407248000), (0.000001245, 23.407248000), (0.000001247, 23.407248000), (0.000001251, 23.407248000), (0.000001247, 23.407248000)],
"d_amort_50000":[(0.000000460, 0.000000000), (0.000000435, 0.000000000), (0.000000426, 0.000000000), (0.000000431, 0.000000000), (0.000000413, 0.000000000), (0.000000460, 0.000000000), (0.000000429, 0.000000000), (0.000000445, 0.000000000), (0.000000427, 0.000000000), (0.000000433, 0.000000000)],
"d_amort_100000":[(0.000000414, 0.000000000), (0.000000463, 0.000000000), (0.000000458, 0.000000000), (0.000000449, 0.000000000), (0.000000495, 0.000000000), (0.000000453, 0.000000000), (0.000000500, 0.000000000), (0.000000438, 0.000000000), (0.000000479, 0.000000000), (0.000000501, 0.000000000)],
"d_amort_150000":[(0.000000624, 0.000000000), (0.000000642, 0.000000000), (0.000000600, 0.000000000), (0.000000542, 0.000000000), (0.000000596, 0.000000000), (0.000000586, 0.000000000), (0.000000556, 0.000000000), (0.000000553, 0.000000000), (0.000000569, 0.000000000), (0.000000584, 0.000000000)],
"d_amort_200000":[(0.000000664, 0.000000000), (0.000000727, 0.000000000), (0.000000679, 0.000000000), (0.000000720, 0.000000000), (0.000000695, 0.000000000), (0.000000738, 0.000000000), (0.000000774, 0.000000000), (0.000000691, 0.000000000), (0.000000797, 0.000000000), (0.000000695, 0.000000000)],
"d_amort_250000":[(0.000000787, 0.000000000), (0.000000834, 0.000000000), (0.000000795, 0.000000000), (0.000000803, 0.000000000), (0.000000808, 0.000000000), (0.000000947, 0.000000000), (0.000001139, 0.000000000), (0.000000787, 0.000000000), (0.000000799, 0.000000000), (0.000000805, 0.000000000)],
"d_amort_300000":[(0.000000755, 0.000000000), (0.000000961, 0.000000000), (0.000000902, 0.000000000), (0.000000900, 0.000000000), (0.000000887, 0.000000000), (0.000000880, 0.000000000), (0.000000865, 0.000000000), (0.000000920, 0.000000000), (0.000000887, 0.000000000), (0.000000879, 0.000000000)],
"d_amort_350000":[(0.000000847, 0.000000000), (0.000000923, 0.000000000), (0.000000925, 0.000000000), (0.000001003, 0.000000000), (0.000000949, 0.000000000), (0.000000952, 0.000000000), (0.000000947, 0.000000000), (0.000000972, 0.000000000), (0.000000949, 0.000000000), (0.000000936, 0.000000000)],
"d_amort_400000":[(0.000000864, 0.000000000), (0.000000995, 0.000000000), (0.000000981, 0.000000000), (0.000000978, 0.000000000), (0.000000967, 0.000000000), (0.000000980, 0.000000000), (0.000000990, 0.000000000), (0.000001022, 0.000000000), (0.000001074, 0.000000000), (0.000001002, 0.000000000)],
"d_amort_450000":[(0.000000925, 0.000000000), (0.000001033, 0.000000000), (0.000001060, 0.000000000), (0.000001056, 0.000000000), (0.000001054, 0.000000000), (0.000001050, 0.000000000), (0.000001025, 0.000000000), (0.000001038, 0.000000000), (0.000001052, 0.000000000), (0.000001039, 0.000000000)],
"d_amort_500000":[(0.000000929, 0.000000000), (0.000001080, 0.000000000), (0.000001091, 0.000000000), (0.000001081, 0.000000000), (0.000001099, 0.000000000), (0.000001088, 0.000000000), (0.000001087, 0.000000000), (0.000001111, 0.000000000), (0.000001075, 0.000000000), (0.000001093, 0.000000000)],
"d_amort_550000":[(0.000001136, 0.000000000), (0.000001180, 0.000000000), (0.000001150, 0.000000000), (0.000001215, 0.000000000), (0.000001173, 0.000000000), (0.000001130, 0.000000000), (0.000001111, 0.000000000), (0.000001134, 0.000000000), (0.000001135, 0.000000000), (0.000001128, 0.000000000)],
"d_amort_600000":[(0.000001051, 0.000000000), (0.000001161, 0.000000000), (0.000001182, 0.000000000), (0.000001160, 0.000000000), (0.000001186, 0.000000000), (0.000001157, 0.000000000), (0.000001154, 0.000000000), (0.000001186, 0.000000000), (0.000001156, 0.000000000), (0.000001147, 0.000000000)],
"d_amort_650000":[(0.000001035, 0.000000000), (0.000001164, 0.000000000), (0.000001199, 0.000000000), (0.000001192, 0.000000000), (0.000001204, 0.000000000), (0.000001232, 0.000000000), (0.000001175, 0.000000000), (0.000001180, 0.000000000), (0.000001185, 0.000000000), (0.000001199, 0.000000000)],
"d_amort_700000":[(0.000001102, 0.000000000), (0.000001365, 0.000000000), (0.000001214, 0.000000000), (0.000001216, 0.000000000), (0.000001227, 0.000000000), (0.000001252, 0.000000000), (0.000001213, 0.000000000), (0.000001201, 0.000000000), (0.000001210, 0.000000000), (0.000001210, 0.000000000)],
"d_amort_750000":[(0.000001110, 0.000000000), (0.000001319, 0.000000000), (0.000001303, 0.000000000), (0.000001388, 0.000000000), (0.000001324, 0.000000000), (0.000001323, 0.000000000), (0.000001290, 0.000000000), (0.000001349, 0.000000000), (0.000001284, 0.000000000), (0.000001417, 0.000000000)],
"d_amort_800000":[(0.000001130, 0.000000000), (0.000001251, 0.000000000), (0.000001263, 0.000000000), (0.000001262, 0.000000000), (0.000001255, 0.000000000), (0.000001254, 0.000000000), (0.000001249, 0.000000000), (0.000001282, 0.000000000), (0.000001243, 0.000000000), (0.000001257, 0.000000000)],
"d_amort_850000":[(0.000001195, 0.000000000), (0.000001299, 0.000000000), (0.000001344, 0.000000000), (0.000001298, 0.000000000), (0.000001315, 0.000000000), (0.000001269, 0.000000000), (0.000001265, 0.000000000), (0.000001279, 0.000000000), (0.000001302, 0.000000000), (0.000001274, 0.000000000)],
"d_amort_900000":[(0.000001148, 0.000000000), (0.000001334, 0.000000000), (0.000001357, 0.000000000), (0.000001452, 0.000000000), (0.000001310, 0.000000000), (0.000001300, 0.000000000), (0.000001302, 0.000000000), (0.000001296, 0.000000000), (0.000001329, 0.000000000), (0.000001301, 0.000000000)],
"d_amort_950000":[(0.000001169, 0.000000000), (0.000001517, 0.000000000), (0.000001357, 0.000000000), (0.000001336, 0.000000000), (0.000001310, 0.000000000), (0.000001309, 0.000000000), (0.000001316, 0.000000000), (0.000001310, 0.000000000), (0.000001473, 0.000000000), (0.000001360, 0.000000000)],
"d_amort_1000000":[(0.000001181, 0.000000000), (0.000001334, 0.000000000), (0.000001342, 0.000000000), (0.000001347, 0.000000000), (0.000001334, 0.000000000), (0.000001348, 0.000000000), (0.000001367, 0.000000000), (0.000001371, 0.000000000), (0.000001370, 0.000000000), (0.000001349, 0.000000000)],
