"best_15":[(0.000000817, 104.857600000), (0.000000491, 0.000000000), (0.000000811, 0.000000000), (0.000000594, 0.000000000), (0.000000802, 0.000000000), (0.000000550, 0.000000000), (0.000000968, 209.715200000), (0.000000759, 0.000000000), (0.000000953, 0.000000000), (0.000000595, 0.000000000), (0.000000795, 104.857600000), (0.000000553, 0.000000000), (0.000000915, 0.000000000), (0.000000563, 0.000000000), (0.000000863, 0.000000000), (0.000000525, 0.000000000), (0.000001025, 209.715200000), (0.000000639, 0.000000000), (0.000000861, 0.000000000), (0.000000621, 0.000000000), (0.000000754, 104.857600000), (0.000000596, 0.000000000), (0.000000873, 0.000000000), (0.000000668, 0.000000000), (0.000001061, 0.000000000), (0.000000766, 0.000000000), (0.000000982, 209.715200000), (0.000000760, 0.000000000), (0.000001104, 0.000000000), (0.000000629, 0.000000000), (0.000000780, 104.857600000), (0.000000580, 0.000000000), (0.000000835, 0.000000000), (0.000000676, 0.000000000), (0.000000813, 0.000000000), (0.000000588, 0.000000000), (0.000000930, 209.715200000), (0.000000631, 0.000000000), (0.000000946, 0.000000000), (0.000000662, 0.000000000), (0.000000765, 104.857600000), (0.000000488, 0.000000000), (0.000000807, 0.000000000), (0.000000518, 0.000000000), (0.000000838, 0.000000000), (0.000000648, 0.000000000), (0.000000903, 209.715200000), (0.000000750, 0.000000000), (0.000000907, 0.000000000), (0.000000602, 0.000000000), (0.000000780, 104.857600000), (0.000000586, 0.000000000), (0.000001087, 0.000000000), (0.000000634, 0.000000000), (0.000000969, 0.000000000), (0.000000694, 0.000000000), (0.000001028, 209.715200000), (0.000000753, 0.000000000), (0.000001028, 0.000000000), (0.000000603, 0.000000000), (0.000000772, 104.857600000), (0.000000554, 0.000000000), (0.000000777, 0.000000000), (0.000000561, 0.000000000), (0.000000867, 0.000000000), (0.000000596, 0.000000000), (0.000000996, 209.715200000), (0.000000660, 0.000000000), (0.000000902, 0.000000000), (0.000000727, 0.000000000), (0.000000814, 104.857600000), (0.000000669, 0.000000000), (0.000000849, 0.000000000), (0.000000591, 0.000000000), (0.000000806, 0.000000000), (0.000000674, 0.000000000), (0.000000911, 209.715200000), (0.000000698, 0.000000000), (0.000000896, 0.000000000), (0.000000640, 0.000000000), (0.000000866, 104.857600000), (0.000000529, 0.000000000), (0.000000812, 0.000000000), (0.000000535, 0.000000000), (0.000000849, 0.000000000), (0.000000535, 0.000000000), (0.000000900, 209.715200000), (0.000000591, 0.000000000), (0.000000902, 0.000000000), (0.000000615, 0.000000000), (0.000000772, 104.857600000), (0.000000543, 0.000000000), (0.000000896, 0.000000000), (0.000000558, 0.000000000), (0.000000838, 0.000000000), (0.000000589, 0.000000000), (0.000000935, 209.715200000), (0.000000687, 0.000000000), (0.000000939, 0.000000000), (0.000000608, 0.000000000)],
"best_16":[(0.000000941, 209.715200000), (0.000000705, 0.000000000), (0.000000889, 0.000000000), (0.000000627, 0.000000000), (0.000001060, 0.000000000), (0.000000654, 0.000000000), (0.000000946, 0.000000000), (0.000000704, 0.000000000), (0.000001036, 0.000000000), (0.000000694, 0.000000000), (0.000001073, 209.715200000), (0.000000594, 0.000000000), (0.000000911, 0.000000000), (0.000000749, 0.000000000), (0.000000913, 0.000000000), (0.000000692, 0.000000000), (0.000001124, 0.000000000), (0.000000771, 0.000000000), (0.000001100, 0.000000000), (0.000000909, 0.000000000), (0.000001011, 209.715200000), (0.000000737, 0.000000000), (0.000000916, 0.000000000), (0.000000662, 0.000000000), (0.000000946, 0.000000000), (0.000000672, 0.000000000), (0.000001038, 0.000000000), (0.000000825, 0.000000000), (0.000000986, 0.000000000), (0.000000709, 0.000000000), (0.000001087, 209.715200000), (0.000000625, 0.000000000), (0.000001038, 0.000000000), (0.000000615, 0.000000000), (0.000000889, 0.000000000), (0.000000738, 0.000000000), (0.000000951, 0.000000000), (0.000000705, 0.000000000), (0.000001113, 0.000000000), (0.000000768, 0.000000000), (0.000000938, 209.715200000), (0.000000596, 0.000000000), (0.000000879, 0.000000000), (0.000000743, 0.000000000), (0.000000948, 0.000000000), (0.000000671, 0.000000000), (0.000001013, 0.000000000), (0.000000687, 0.000000000), (0.000000944, 0.000000000), (0.000000738, 0.000000000), (0.000000893, 209.715200000), (0.000000673, 0.000000000), (0.000000890, 0.000000000), (0.000000628, 0.000000000), (0.000000966, 0.000000000), (0.000000640, 0.000000000), (0.000000941, 0.000000000), (0.000000749, 0.000000000), (0.000000964, 0.000000000), (0.000000697, 0.000000000), (0.000000895, 209.715200000), (0.000000603, 0.000000000), (0.000000938, 0.000000000), (0.000000635, 0.000000000), (0.000000863, 0.000000000), (0.000000671, 0.000000000), (0.000000904, 0.000000000), (0.000000684, 0.000000000), (0.000001006, 0.000000000), (0.000000651, 0.000000000), (0.000000826, 209.715200000), (0.000000603, 0.000000000), (0.000000835, 0.000000000), (0.000000608, 0.000000000), (0.000000857, 0.000000000), (0.000000604, 0.000000000), (0.000000966, 0.000000000), (0.000000645, 0.000000000), (0.000000901, 0.000000000), (0.000000678, 0.000000000), (0.000000892, 209.715200000), (0.000000634, 0.000000000), (0.000000820, 0.000000000), (0.000000588, 0.000000000), (0.000000903, 0.000000000), (0.000000620, 0.000000000), (0.000000874, 0.000000000), (0.000000696, 0.000000000), (0.000000911, 0.000000000), (0.000000686, 0.000000000), (0.000000900, 209.715200000), (0.000000586, 0.000000000), (0.000000907, 0.000000000), (0.000000623, 0.000000000), (0.000000858, 0.000000000), (0.000000725, 0.000000000), (0.000000976, 0.000000000), (0.000000638, 0.000000000), (0.000000918, 0.000000000), (0.000000666, 0.000000000)],
"best_17":[(0.000001152, 419.430400000), (0.000000672, 0.000000000), (0.000001084, 0.000000000), (0.000000676, 0.000000000), (0.000001000, 0.000000000), (0.000000771, 0.000000000), (0.000001048, 0.000000000), (0.000000764, 0.000000000), (0.000001052, 0.000000000), (0.000000754, 0.000000000), (0.000001175, 419.430400000), (0.000000682, 0.000000000), (0.000001019, 0.000000000), (0.000000735, 0.000000000), (0.000001027, 0.000000000), (0.000000718, 0.000000000), (0.000001057, 0.000000000), (0.000000737, 0.000000000), (0.000001075, 0.000000000), (0.000000926, 0.000000000), (0.000001087, 419.430400000), (0.000000686, 0.000000000), (0.000001029, 0.000000000), (0.000000783, 0.000000000), (0.000001027, 0.000000000), (0.000000829, 0.000000000), (0.000001094, 0.000000000), (0.000000839, 0.000000000), (0.000001103, 0.000000000), (0.000000756, 0.000000000), (0.000001126, 419.430400000), (0.000000866, 0.000000000), (0.000001125, 0.000000000), (0.000000705, 0.000000000), (0.000001028, 0.000000000), (0.000000766, 0.000000000), (0.000001006, 0.000000000), (0.000000732, 0.000000000), (0.000001048, 0.000000000), (0.000000847, 0.000000000), (0.000001134, 419.430400000), (0.000000683, 0.000000000), (0.000000985, 0.000000000), (0.000000841, 0.000000000), (0.000001020, 0.000000000), (0.000000755, 0.000000000), (0.000001025, 0.000000000), (0.000000791, 0.000000000), (0.000001072, 0.000000000), (0.000000767, 0.000000000), (0.000001086, 419.430400000), (0.000000708, 0.000000000), (0.000000978, 0.000000000), (0.000000690, 0.000000000), (0.000001045, 0.000000000), (0.000000713, 0.000000000), (0.000001017, 0.000000000), (0.000000758, 0.000000000), (0.000001049, 0.000000000), (0.000000771, 0.000000000), (0.000001054, 419.430400000), (0.000000691, 0.000000000), (0.000000998, 0.000000000), (0.000000702, 0.000000000), (0.000001008, 0.000000000), (0.000000826, 0.000000000), (0.000001089, 0.000000000), (0.000000736, 0.000000000), (0.000001025, 0.000000000), (0.000000813, 0.000000000), (0.000001094, 419.430400000), (0.000000675, 0.000000000), (0.000001027, 0.000000000), (0.000000775, 0.000000000), (0.000001039, 0.000000000), (0.000000724, 0.000000000), (0.000001035, 0.000000000), (0.000000783, 0.000000000), (0.000001043, 0.000000000), (0.000000752, 0.000000000), (0.000001098, 419.430400000), (0.000000730, 0.000000000), (0.000000969, 0.000000000), (0.000000766, 0.000000000), (0.000000960, 0.000000000), (0.000000709, 0.000000000), (0.000000975, 0.000000000), (0.000000735, 0.000000000), (0.000001199, 0.000000000), (0.000000886, 0.000000000), (0.000001118, 419.430400000), (0.000000824, 0.000000000), (0.000001139, 0.000000000), (0.000000785, 0.000000000), (0.000001070, 0.000000000), (0.000000781, 0.000000000), (0.000001074, 0.000000000), (0.000000824, 0.000000000), (0.000001208, 0.000000000), (0.000000796, 0.000000000)],
"best_18":[(0.000001517, 838.860800000), (0.000000773, 0.000000000), (0.000001250, 0.000000000), (0.000000830, 0.000000000), (0.000001178, 0.000000000), (0.000000834, 0.000000000), (0.000001177, 0.000000000), (0.000000896, 0.000000000), (0.000001206, 0.000000000), (0.000000903, 0.000000000), (0.000001604, 838.860800000), (0.000000844, 0.000000000), (0.000001196, 0.000000000), (0.000000848, 0.000000000), (0.000001255, 0.000000000), (0.000000843, 0.000000000), (0.000001162, 0.000000000), (0.000000859, 0.000000000), (0.000001178, 0.000000000), (0.000000928, 0.000000000), (0.000001345, 838.860800000), (0.000000813, 0.000000000), (0.000001218, 0.000000000), (0.000000841, 0.000000000), (0.000001157, 0.000000000), (0.000000859, 0.000000000), (0.000001136, 0.000000000), (0.000000887, 0.000000000), (0.000001152, 0.000000000), (0.000001003, 0.000000000), (0.000001301, 838.860800000), (0.000000795, 0.000000000), (0.000001128, 0.000000000), (0.000000881, 0.000000000), (0.000001135, 0.000000000), (0.000000856, 0.000000000), (0.000001133, 0.000000000), (0.000000873, 0.000000000), (0.000001186, 0.000000000), (0.000000951, 0.000000000), (0.000001294, 838.860800000), (0.000000798, 0.000000000), (0.000001138, 0.000000000), (0.000000849, 0.000000000), (0.000001198, 0.000000000), (0.000000894, 0.000000000), (0.000001164, 0.000000000), (0.000000900, 0.000000000), (0.000001140, 0.000000000), (0.000000879, 0.000000000), (0.000001251, 838.860800000), (0.000000785, 0.000000000), (0.000001128, 0.000000000), (0.000000841, 0.000000000), (0.000001136, 0.000000000), (0.000000855, 0.000000000), (0.000001143, 0.000000000), (0.000000925, 0.000000000), (0.000001314, 0.000000000), (0.000000901, 0.000000000), (0.000001349, 838.860800000), (0.000000816, 0.000000000), (0.000001128, 0.000000000), (0.000000825, 0.000000000), (0.000001132, 0.000000000), (0.000000862, 0.000000000), (0.000001189, 0.000000000), (0.000000885, 0.000000000), (0.000001142, 0.000000000), (0.000000869, 0.000000000), (0.000001317, 838.860800000), (0.000000784, 0.000000000), (0.000001177, 0.000000000), (0.000000824, 0.000000000), (0.000001139, 0.000000000), (0.000000892, 0.000000000), (0.000001146, 0.000000000), (0.000000883, 0.000000000), (0.000001141, 0.000000000), (0.000000876, 0.000000000), (0.000001317, 838.860800000), (0.000000790, 0.000000000), (0.000001091, 0.000000000), (0.000000828, 0.000000000), (0.000001118, 0.000000000), (0.000000881, 0.000000000), (0.000001164, 0.000000000), (0.000000879, 0.000000000), (0.000001151, 0.000000000), (0.000000870, 0.000000000), (0.000001327, 838.860800000), (0.000000810, 0.000000000), (0.000001116, 0.000000000), (0.000000806, 0.000000000), (0.000001131, 0.000000000), (0.000000842, 0.000000000), (0.000001143, 0.000000000), (0.000000867, 0.000000000), (0.000001137, 0.000000000), (0.000000860, 0.000000000)],
"best_19":[(0.000002118, 1677.721600000), (0.000000903, 0.000000000), (0.000001362, 0.000000000), (0.000000948, 0.000000000), (0.000001317, 0.000000000), (0.000000998, 0.000000000), (0.000001341, 0.000000000), (0.000001010, 0.000000000), (0.000001342, 0.000000000), (0.000001025, 0.000000000), (0.000002182, 1677.721600000), (0.000000963, 0.000000000), (0.000001348, 0.000000000), (0.000000943, 0.000000000), (0.000001368, 0.000000000), (0.000001205, 0.000000000), (0.000001344, 0.000000000), (0.000001002, 0.000000000), (0.000001372, 0.000000000), (0.000001011, 0.000000000), (0.000002157, 1677.721600000), (0.000001054, 0.000000000), (0.000001487, 0.000000000), (0.000001171, 0.000000000), (0.000001387, 0.000000000), (0.000000966, 0.000000000), (0.000001383, 0.000000000), (0.000001021, 0.000000000), (0.000001369, 0.000000000), (0.000001021, 0.000000000), (0.000002070, 1677.721600000), (0.000000936, 0.000000000), (0.000001335, 0.000000000), (0.000000943, 0.000000000), (0.000001320, 0.000000000), (0.000000965, 0.000000000), (0.000001381, 0.000000000), (0.000000999, 0.000000000), (0.000001359, 0.000000000), (0.000001026, 0.000000000), (0.000002048, 1677.721600000), (0.000000933, 0.000000000), (0.000001357, 0.000000000), (0.000000962, 0.000000000), (0.000001381, 0.000000000), (0.000000976, 0.000000000), (0.000001315, 0.000000000), (0.000000985, 0.000000000), (0.000001345, 0.000000000), (0.000001017, 0.000000000), (0.000002132, 1677.721600000), (0.000001006, 0.000000000), (0.000001342, 0.000000000), (0.000000961, 0.000000000), (0.000001331, 0.000000000), (0.000000985, 0.000000000), (0.000001334, 0.000000000), (0.000000983, 0.000000000), (0.000001344, 0.000000000), (0.000000988, 0.000000000), (0.000002072, 1677.721600000), (0.000000911, 0.000000000), (0.000001330, 0.000000000), (0.000000947, 0.000000000), (0.000001320, 0.000000000), (0.000000952, 0.000000000), (0.000001322, 0.000000000), (0.000001054, 0.000000000), (0.000001427, 0.000000000), (0.000001026, 0.000000000), (0.000002014, 1677.721600000), (0.000000961, 0.000000000), (0.000001371, 0.000000000), (0.000000957, 0.000000000), (0.000001364, 0.000000000), (0.000000981, 0.000000000), (0.000001333, 0.000000000), (0.000001007, 0.000000000), (0.000001341, 0.000000000), (0.000001016, 0.000000000), (0.000002062, 1677.721600000), (0.000000939, 0.000000000), (0.000001339, 0.000000000), (0.000000984, 0.000000000), (0.000001334, 0.000000000), (0.000000995, 0.000000000), (0.000001391, 0.000000000), (0.000001009, 0.000000000), (0.000001311, 0.000000000), (0.000000999, 0.000000000), (0.000002048, 1677.721600000), (0.000000917, 0.000000000), (0.000001344, 0.000000000), (0.000000979, 0.000000000), (0.000001314, 0.000000000), (0.000001048, 0.000000000), (0.000001319, 0.000000000), (0.000001026, 0.000000000), (0.000001340, 0.000000000), (0.000001008, 0.000000000)],
"best_20":[(0.000004272, 3355.443200000), (0.000001216, 0.000000000), (0.000001656, 0.000000000), (0.000001257, 0.000000000), (0.000001650, 0.000000000), (0.000001294, 0.000000000), (0.000001638, 0.000000000), (0.000001282, 0.000000000), (0.000001641, 0.000000000), (0.000001261, 0.000000000), (0.000003017, 3355.443200000), (0.000001124, 0.000000000), (0.000001559, 0.000000000), (0.000001117, 0.000000000), (0.000001499, 0.000000000), (0.000001107, 0.000000000), (0.000001484, 0.000000000), (0.000001111, 0.000000000), (0.000001527, 0.000000000), (0.000001184, 0.000000000), (0.000003272, 3355.443200000), (0.000001161, 0.000000000), (0.000001626, 0.000000000), (0.000001238, 0.000000000), (0.000001615, 0.000000000), (0.000001205, 0.000000000), (0.000001721, 0.000000000), (0.000001204, 0.000000000), (0.000001689, 0.000000000), (0.000001318, 0.000000000), (0.000002989, 3355.443200000), (0.000001042, 0.000000000), (0.000001537, 0.000000000), (0.000001076, 0.000000000), (0.000001558, 0.000000000), (0.000001087, 0.000000000), (0.000001485, 0.000000000), (0.000001095, 0.000000000), (0.000001464, 0.000000000), (0.000001106, 0.000000000), (0.000004429, 3355.443200000), (0.000001216, 0.000000000), (0.000001699, 0.000000000), (0.000001348, 0.000000000), (0.000001700, 0.000000000), (0.000001272, 0.000000000), (0.000001652, 0.000000000), (0.000001277, 0.000000000), (0.000001629, 0.000000000), (0.000001258, 0.000000000), (0.000003323, 3355.443200000), (0.000001136, 0.000000000), (0.000001607, 0.000000000), (0.000001146, 0.000000000), (0.000001605, 0.000000000), (0.000001162, 0.000000000), (0.000001605, 0.000000000), (0.000001172, 0.000000000), (0.000001547, 0.000000000), (0.000001216, 0.000000000), (0.000002990, 3355.443200000), (0.000001166, 0.000000000), (0.000001595, 0.000000000), (0.000001158, 0.000000000), (0.000001584, 0.000000000), (0.000001164, 0.000000000), (0.000001583, 0.000000000), (0.000001178, 0.000000000), (0.000001583, 0.000000000), (0.000001191, 0.000000000), (0.000003002, 3355.443200000), (0.000001139, 0.000000000), (0.000001602, 0.000000000), (0.000001116, 0.000000000), (0.000001591, 0.000000000), (0.000001126, 0.000000000), (0.000001551, 0.000000000), (0.000001146, 0.000000000), (0.000001596, 0.000000000), (0.000001159, 0.000000000), (0.000003001, 3355.443200000), (0.000001149, 0.000000000), (0.000001604, 0.000000000), (0.000001208, 0.000000000), (0.000001594, 0.000000000), (0.000001173, 0.000000000), (0.000001560, 0.000000000), (0.000001185, 0.000000000), (0.000001581, 0.000000000), (0.000001186, 0.000000000), (0.000003018, 3355.443200000), (0.000001098, 0.000000000), (0.000001551, 0.000000000), (0.000001104, 0.000000000), (0.000001537, 0.000000000), (0.000001125, 0.000000000), (0.000001517, 0.000000000), (0.000001161, 0.000000000), (0.000001503, 0.000000000), (0.000001292, 0.000000000)],
"best_21":[(0.000008224, 6710.886400000), (0.000001497, 0.000000000), (0.000001936, 0.000000000), (0.000001469, 0.000000000), (0.000001917, 0.000000000), (0.000001471, 0.000000000), (0.000001951, 0.000000000), (0.000001444, 0.000000000), (0.000001992, 0.000000000), (0.000001462, 0.000000000), (0.000004602, 6710.886400000), (0.000001320, 0.000000000), (0.000001783, 0.000000000), (0.000001258, 0.000000000), (0.000001736, 0.000000000), (0.000001262, 0.000000000), (0.000001745, 0.000000000), (0.000001320, 0.000000000), (0.000001746, 0.000000000), (0.000001315, 0.000000000), (0.000008562, 6710.886400000), (0.000001442, 0.000000000), (0.000001929, 0.000000000), (0.000001397, 0.000000000), (0.000002007, 0.000000000), (0.000001433, 0.000000000), (0.000001876, 0.000000000), (0.000001437, 0.000000000), (0.000001879, 0.000000000), (0.000001497, 0.000000000), (0.000004636, 6710.886400000), (0.000001267, 0.000000000), (0.000001789, 0.000000000), (0.000001266, 0.000000000), (0.000001765, 0.000000000), (0.000001292, 0.000000000), (0.000001748, 0.000000000), (0.000001310, 0.000000000), (0.000001745, 0.000000000), (0.000001305, 0.000000000), (0.000004856, 6710.886400000), (0.000001312, 0.000000000), (0.000001802, 0.000000000), (0.000001294, 0.000000000), (0.000001822, 0.000000000), (0.000001302, 0.000000000), (0.000001821, 0.000000000), (0.000001317, 0.000000000), (0.000001899, 0.000000000), (0.000001416, 0.000000000), (0.000004726, 6710.886400000), (0.000001303, 0.000000000), (0.000001872, 0.000000000), (0.000001312, 0.000000000), (0.000001816, 0.000000000), (0.000001304, 0.000000000), (0.000001826, 0.000000000), (0.000001288, 0.000000000), (0.000001792, 0.000000000), (0.000001355, 0.000000000), (0.000004671, 6710.886400000), (0.000001247, 0.000000000), (0.000001751, 0.000000000), (0.000001281, 0.000000000), (0.000001754, 0.000000000), (0.000001422, 0.000000000), (0.000001728, 0.000000000), (0.000001373, 0.000000000), (0.000001726, 0.000000000), (0.000001316, 0.000000000), (0.000005104, 6710.886400000), (0.000001238, 0.000000000), (0.000001774, 0.000000000), (0.000001258, 0.000000000), (0.000001736, 0.000000000), (0.000001294, 0.000000000), (0.000001742, 0.000000000), (0.000001293, 0.000000000), (0.000001713, 0.000000000), (0.000001320, 0.000000000), (0.000004808, 6710.886400000), (0.000001282, 0.000000000), (0.000001830, 0.000000000), (0.000001298, 0.000000000), (0.000001900, 0.000000000), (0.000001322, 0.000000000), (0.000001780, 0.000000000), (0.000001312, 0.000000000), (0.000001811, 0.000000000), (0.000001331, 0.000000000), (0.000006110, 6710.886400000), (0.000001414, 0.000000000), (0.000001821, 0.000000000), (0.000001344, 0.000000000), (0.000001863, 0.000000000), (0.000001359, 0.000000000), (0.000001945, 0.000000000), (0.000001424, 0.000000000), (0.000001805, 0.000000000), (0.000001368, 0.000000000)],
"best_22":[(0.000014965, 13421.772800000), (0.000001666, 0.000000000), (0.000002220, 0.000000000), (0.000001717, 0.000000000), (0.000002207, 0.000000000), (0.000001644, 0.000000000), (0.000002232, 0.000000000), (0.000001594, 0.000000000), (0.000002166, 0.000000000), (0.000001697, 0.000000000), (0.000015370, 13421.772800000), (0.000001586, 0.000000000), (0.000002267, 0.000000000), (0.000001603, 0.000000000), (0.000002126, 0.000000000), (0.000001575, 0.000000000), (0.000002103, 0.000000000), (0.000001598, 0.000000000), (0.000002201, 0.000000000), (0.000001602, 0.000000000), (0.000007940, 13421.772800000), (0.000001688, 0.000000000), (0.000002303, 0.000000000), (0.000001590, 0.000000000), (0.000002144, 0.000000000), (0.000001591, 0.000000000), (0.000002148, 0.000000000), (0.000001705, 0.000000000), (0.000002104, 0.000000000), (0.000001595, 0.000000000), (0.000007808, 13421.772800000), (0.000001599, 0.000000000), (0.000002143, 0.000000000), (0.000001544, 0.000000000), (0.000002145, 0.000000000), (0.000001552, 0.000000000), (0.000002134, 0.000000000), (0.000001605, 0.000000000), (0.000002136, 0.000000000), (0.000001504, 0.000000000), (0.000014305, 13421.772800000), (0.000001577, 0.000000000), (0.000002091, 0.000000000), (0.000001529, 0.000000000), (0.000002096, 0.000000000), (0.000001579, 0.000000000), (0.000002104, 0.000000000), (0.000001549, 0.000000000), (0.000002060, 0.000000000), (0.000001611, 0.000000000), (0.000007763, 13421.772800000), (0.000001554, 0.000000000), (0.000002108, 0.000000000), (0.000001565, 0.000000000), (0.000002068, 0.000000000), (0.000001535, 0.000000000), (0.000002078, 0.000000000), (0.000001562, 0.000000000), (0.000002096, 0.000000000), (0.000001560, 0.000000000), (0.000012471, 13421.772800000), (0.000001458, 0.000000000), (0.000002054, 0.000000000), (0.000001462, 0.000000000), (0.000002010, 0.000000000), (0.000001457, 0.000000000), (0.000002244, 0.000000000), (0.000001589, 0.000000000), (0.000002242, 0.000000000), (0.000001851, 0.000000000), (0.000007752, 13421.772800000), (0.000001568, 0.000000000), (0.000002102, 0.000000000), (0.000001530, 0.000000000), (0.000002128, 0.000000000), (0.000001541, 0.000000000), (0.000002067, 0.000000000), (0.000001588, 0.000000000), (0.000002095, 0.000000000), (0.000001583, 0.000000000), (0.000010208, 13421.772800000), (0.000002282, 0.000000000), (0.000003495, 0.000000000), (0.000002221, 0.000000000), (0.000002948, 0.000000000), (0.000001904, 0.000000000), (0.000002812, 0.000000000), (0.000002800, 0.000000000), (0.000002874, 0.000000000), (0.000002004, 0.000000000), (0.000015131, 13421.772800000), (0.000001534, 0.000000000), (0.000002175, 0.000000000), (0.000001529, 0.000000000), (0.000002105, 0.000000000), (0.000001540, 0.000000000), (0.000002065, 0.000000000), (0.000001614, 0.000000000), (0.000002166, 0.000000000), (0.000001584, 0.000000000)],
"best_23":[(0.000030602, 26843.545600000), (0.000001829, 0.000000000), (0.000002609, 0.000000000), (0.000001831, 0.000000000), (0.000002674, 0.000000000), (0.000001942, 0.000000000), (0.000002774, 0.000000000), (0.000002207, 0.000000000), (0.000002632, 0.000000000), (0.000001977, 0.000000000), (0.000014560, 26843.545600000), (0.000001688, 0.000000000), (0.000002388, 0.000000000), (0.000001806, 0.000000000), (0.000002381, 0.000000000), (0.000001697, 0.000000000), (0.000002326, 0.000000000), (0.000001806, 0.000000000), (0.000002276, 0.000000000), (0.000001735, 0.000000000), (0.000029791, 26843.545600000), (0.000001949, 0.000000000), (0.000002436, 0.000000000), (0.000001817, 0.000000000), (0.000002409, 0.000000000), (0.000001803, 0.000000000), (0.000002406, 0.000000000), (0.000001812, 0.000000000), (0.000002424, 0.000000000), (0.000001788, 0.000000000), (0.000022236, 26843.545600000), (0.000001759, 0.000000000), (0.000002432, 0.000000000), (0.000001703, 0.000000000), (0.000002430, 0.000000000), (0.000001698, 0.000000000), (0.000002314, 0.000000000), (0.000001751, 0.000000000), (0.000002347, 0.000000000), (0.000001729, 0.000000000), (0.000014010, 26843.545600000), (0.000001814, 0.000000000), (0.000002416, 0.000000000), (0.000001887, 0.000000000), (0.000002375, 0.000000000), (0.000001885, 0.000000000), (0.000002399, 0.000000000), (0.000001820, 0.000000000), (0.000002353, 0.000000000), (0.000001890, 0.000000000), (0.000029813, 26843.545600000), (0.000002362, 0.000000000), (0.000003235, 0.000000000), (0.000002368, 0.000000000), (0.000002618, 0.000000000), (0.000001890, 0.000000000), (0.000002427, 0.000000000), (0.000001956, 0.000000000), (0.000002450, 0.000000000), (0.000001938, 0.000000000), (0.000016368, 26843.545600000), (0.000001694, 0.000000000), (0.000002424, 0.000000000), (0.000001677, 0.000000000), (0.000002290, 0.000000000), (0.000001807, 0.000000000), (0.000002329, 0.000000000), (0.000001760, 0.000000000), (0.000002417, 0.000000000), (0.000001764, 0.000000000), (0.000014189, 26843.545600000), (0.000001845, 0.000000000), (0.000002504, 0.000000000), (0.000001836, 0.000000000), (0.000002410, 0.000000000), (0.000001788, 0.000000000), (0.000002591, 0.000000000), (0.000001815, 0.000000000), (0.000002411, 0.000000000), (0.000001835, 0.000000000), (0.000031058, 26843.545600000), (0.000002307, 0.000000000), (0.000002794, 0.000000000), (0.000002153, 0.000000000), (0.000002831, 0.000000000), (0.000002043, 0.000000000), (0.000002554, 0.000000000), (0.000001814, 0.000000000), (0.000002382, 0.000000000), (0.000001881, 0.000000000), (0.000028557, 26843.545600000), (0.000001655, 0.000000000), (0.000002350, 0.000000000), (0.000001650, 0.000000000), (0.000002301, 0.000000000), (0.000001684, 0.000000000), (0.000002368, 0.000000000), (0.000001673, 0.000000000), (0.000002411, 0.000000000), (0.000001708, 0.000000000)],
"best_24":[(0.000062407, 53687.091200000), (0.000001861, 0.000000000), (0.000002611, 0.000000000), (0.000001830, 0.000000000), (0.000002649, 0.000000000), (0.000001854, 0.000000000), (0.000002583, 0.000000000), (0.000001830, 0.000000000), (0.000002484, 0.000000000), (0.000001855, 0.000000000), (0.000054299, 53687.091200000), (0.000001849, 0.000000000), (0.000002739, 0.000000000), (0.000001862, 0.000000000), (0.000002658, 0.000000000), (0.000001897, 0.000000000), (0.000002619, 0.000000000), (0.000002052, 0.000000000), (0.000002808, 0.000000000), (0.000002063, 0.000000000), (0.000046386, 53687.091200000), (0.000001793, 0.000000000), (0.000002719, 0.000000000), (0.000002072, 0.000000000), (0.000002743, 0.000000000), (0.000001892, 0.000000000), (0.000002513, 0.000000000), (0.000001791, 0.000000000), (0.000002527, 0.000000000), (0.000001882, 0.000000000), (0.000054880, 53687.091200000), (0.000001828, 0.000000000), (0.000002679, 0.000000000), (0.000001843, 0.000000000), (0.000002914, 0.000000000), (0.000001828, 0.000000000), (0.000002542, 0.000000000), (0.000001854, 0.000000000), (0.000002525, 0.000000000), (0.000001813, 0.000000000), (0.000053951, 53687.091200000), (0.000001836, 0.000000000), (0.000002600, 0.000000000), (0.000001837, 0.000000000), (0.000002646, 0.000000000), (0.000001839, 0.000000000), (0.000002609, 0.000000000), (0.000001809, 0.000000000), (0.000002509, 0.000000000), (0.000001808, 0.000000000), (0.000073207, 53687.091200000), (0.000001965, 0.000000000), (0.000002658, 0.000000000), (0.000001849, 0.000000000), (0.000002559, 0.000000000), (0.000001800, 0.000000000), (0.000002558, 0.000000000), (0.000001896, 0.000000000), (0.000002519, 0.000000000), (0.000001882, 0.000000000), (0.000085558, 53687.091200000), (0.000001941, 0.000000000), (0.000002801, 0.000000000), (0.000002195, 0.000000000), (0.000003324, 0.000000000), (0.000002402, 0.000000000), (0.000003087, 0.000000000), (0.000002286, 0.000000000), (0.000003119, 0.000000000), (0.000002403, 0.000000000), (0.000064835, 53687.091200000), (0.000002095, 0.000000000), (0.000002868, 0.000000000), (0.000002627, 0.000000000), (0.000003709, 0.000000000), (0.000002461, 0.000000000), (0.000003116, 0.000000000), (0.000002152, 0.000000000), (0.000002650, 0.000000000), (0.000001943, 0.000000000), (0.000074039, 53687.091200000), (0.000005586, 0.000000000), (0.000006872, 0.000000000), (0.000003510, 0.000000000), (0.000005226, 0.000000000), (0.000003491, 0.000000000), (0.000004817, 0.000000000), (0.000002958, 0.000000000), (0.000004109, 0.000000000), (0.000002843, 0.000000000), (0.000065873, 53687.091200000), (0.000001819, 0.000000000), (0.000002686, 0.000000000), (0.000002016, 0.000000000), (0.000002675, 0.000000000), (0.000001887, 0.000000000), (0.000002558, 0.000000000), (0.000001794, 0.000000000), (0.000002476, 0.000000000), (0.000001909, 0.000000000)],
"best_25":[(0.000155899, 107374.182400000), (0.000002343, 0.000000000), (0.000003292, 0.000000000), (0.000002709, 0.000000000), (0.000003917, 0.000000000), (0.000002817, 0.000000000), (0.000003777, 0.000000000), (0.000002945, 0.000000000), (0.000003862, 0.000000000), (0.000002903, 0.000000000), (0.000158523, 107374.182400000), (0.000002201, 0.000000000), (0.000003002, 0.000000000), (0.000002439, 0.000000000), (0.000003086, 0.000000000), (0.000002458, 0.000000000), (0.000003083, 0.000000000), (0.000002283, 0.000000000), (0.000003288, 0.000000000), (0.000002377, 0.000000000), (0.000141921, 107374.182400000), (0.000002249, 0.000000000), (0.000003661, 0.000000000), (0.000002560, 0.000000000), (0.000003670, 0.000000000), (0.000002741, 0.000000000), (0.000003707, 0.000000000), (0.000002855, 0.000000000), (0.000003823, 0.000000000), (0.000002763, 0.000000000), (0.000182438, 107374.182400000), (0.000002253, 0.000000000), (0.000003677, 0.000000000), (0.000002522, 0.000000000), (0.000003767, 0.000000000), (0.000002700, 0.000000000), (0.000003554, 0.000000000), (0.000002676, 0.000000000), (0.000003435, 0.000000000), (0.000002536, 0.000000000), (0.000150158, 107374.182400000), (0.000005083, 0.000000000), (0.000008173, 0.000000000), (0.000004392, 0.000000000), (0.000006508, 0.000000000), (0.000003770, 0.000000000), (0.000005652, 0.000000000), (0.000003505, 0.000000000), (0.000005299, 0.000000000), (0.000003474, 0.000000000), (0.000143930, 107374.182400000), (0.000002019, 0.000000000), (0.000002929, 0.000000000), (0.000002002, 0.000000000), (0.000002904, 0.000000000), (0.000002020, 0.000000000), (0.000002829, 0.000000000), (0.000002029, 0.000000000), (0.000002825, 0.000000000), (0.000002062, 0.000000000), (0.000150792, 107374.182400000), (0.000003042, 0.000000000), (0.000003314, 0.000000000), (0.000002219, 0.000000000), (0.000003246, 0.000000000), (0.000002463, 0.000000000), (0.000003441, 0.000000000), (0.000002194, 0.000000000), (0.000003197, 0.000000000), (0.000002412, 0.000000000), (0.000175150, 107374.182400000), (0.000002240, 0.000000000), (0.000003123, 0.000000000), (0.000002271, 0.000000000), (0.000003115, 0.000000000), (0.000002134, 0.000000000), (0.000003201, 0.000000000), (0.000002443, 0.000000000), (0.000003612, 0.000000000), (0.000002836, 0.000000000), (0.000153858, 107374.182400000), (0.000002232, 0.000000000), (0.000003348, 0.000000000), (0.000002701, 0.000000000), (0.000003712, 0.000000000), (0.000002630, 0.000000000), (0.000003861, 0.000000000), (0.000002784, 0.000000000), (0.000003704, 0.000000000), (0.000002573, 0.000000000), (0.000124834, 107374.182400000), (0.000003182, 0.000000000), (0.000004676, 0.000000000), (0.000003311, 0.000000000), (0.000005043, 0.000000000), (0.000003744, 0.000000000), (0.000005347, 0.000000000), (0.000004033, 0.000000000), (0.000005950, 0.000000000), (0.000004413, 0.000000000)],
"worst_21":[(0.000000871, 104.857600000), (0.000000779, 0.000000000), (0.000000989, 0.000000000), (0.000000641, 0.000000000), (0.000001013, 0.000000000), (0.000000862, 0.000000000), (0.000001338, 209.715200000), (0.000000794, 0.000000000), (0.000001256, 0.000000000), (0.000000808, 0.000000000), (0.000001013, 104.857600000), (0.000000681, 0.000000000), (0.000001002, 0.000000000), (0.000000627, 0.000000000), (0.000001011, 0.000000000), (0.000000728, 0.000000000), (0.000001342, 209.715200000), (0.000000730, 0.000000000), (0.000001126, 0.000000000), (0.000000805, 0.000000000), (0.000000960, 104.857600000), (0.000000664, 0.000000000), (0.000001029, 0.000000000), (0.000000663, 0.000000000), (0.000001063, 0.000000000), (0.000000740, 0.000000000), (0.000001164, 209.715200000), (0.000000752, 0.000000000), (0.000001172, 0.000000000), (0.000000770, 0.000000000), (0.000000964, 104.857600000), (0.000000642, 0.000000000), (0.000001001, 0.000000000), (0.000000658, 0.000000000), (0.000001080, 0.000000000), (0.000000674, 0.000000000), (0.000000972, 209.715200000), (0.000000644, 0.000000000), (0.000001001, 0.000000000), (0.000000648, 0.000000000), (0.000000876, 104.857600000), (0.000000581, 0.000000000), (0.000000898, 0.000000000), (0.000000658, 0.000000000), (0.000000984, 0.000000000), (0.000000609, 0.000000000), (0.000000996, 209.715200000), (0.000000754, 0.000000000), (0.000000913, 0.000000000), (0.000000662, 0.000000000), (0.000000847, 104.857600000), (0.000000580, 0.000000000), (0.000000887, 0.000000000), (0.000000608, 0.000000000), (0.000000990, 0.000000000), (0.000000553, 0.000000000), (0.000000966, 209.715200000), (0.000000660, 0.000000000), (0.000000991, 0.000000000), (0.000000630, 0.000000000), (0.000000847, 104.857600000), (0.000000590, 0.000000000), (0.000001005, 0.000000000), (0.000000539, 0.000000000), (0.000000869, 0.000000000), (0.000000595, 0.000000000), (0.000001059, 209.715200000), (0.000000625, 0.000000000), (0.000001018, 0.000000000), (0.000000649, 0.000000000), (0.000000893, 104.857600000), (0.000000570, 0.000000000), (0.000000869, 0.000000000), (0.000000567, 0.000000000), (0.000000918, 0.000000000), (0.000000614, 0.000000000), (0.000000975, 209.715200000), (0.000000612, 0.000000000), (0.000000923, 0.000000000), (0.000000793, 0.000000000), (0.000000806, 104.857600000), (0.000000566, 0.000000000), (0.000000876, 0.000000000), (0.000000583, 0.000000000), (0.000000896, 0.000000000), (0.000000617, 0.000000000), (0.000001147, 209.715200000), (0.000000739, 0.000000000), (0.000000901, 0.000000000), (0.000000603, 0.000000000), (0.000000756, 104.857600000), (0.000000498, 0.000000000), (0.000000774, 0.000000000), (0.000000557, 0.000000000), (0.000000843, 0.000000000), (0.000000561, 0.000000000), (0.000000945, 209.715200000), (0.000000593, 0.000000000), (0.000000929, 0.000000000), (0.000000735, 0.000000000)],
"worst_22":[(0.000000813, 0.000000000), (0.000000611, 0.000000000), (0.000000897, 209.715200000), (0.000000647, 0.000000000), (0.000000891, 0.000000000), (0.000000629, 0.000000000), (0.000000961, 0.000000000), (0.000000689, 0.000000000), (0.000001117, 0.000000000), (0.000000719, 0.000000000), (0.000000891, 0.000000000), (0.000000602, 0.000000000), (0.000000981, 209.715200000), (0.000000617, 0.000000000), (0.000000941, 0.000000000), (0.000000790, 0.000000000), (0.000001003, 0.000000000), (0.000000616, 0.000000000), (0.000000956, 0.000000000), (0.000000664, 0.000000000), (0.000000978, 0.000000000), (0.000000632, 0.000000000), (0.000000863, 209.715200000), (0.000000600, 0.000000000), (0.000000854, 0.000000000), (0.000000606, 0.000000000), (0.000000944, 0.000000000), (0.000000745, 0.000000000), (0.000000958, 0.000000000), (0.000000672, 0.000000000), (0.000000852, 0.000000000), (0.000000610, 0.000000000), (0.000000856, 209.715200000), (0.000000604, 0.000000000), (0.000000922, 0.000000000), (0.000000610, 0.000000000), (0.000000945, 0.000000000), (0.000000676, 0.000000000), (0.000000983, 0.000000000), (0.000000661, 0.000000000), (0.000000852, 0.000000000), (0.000000536, 0.000000000), (0.000000862, 209.715200000), (0.000000583, 0.000000000), (0.000000861, 0.000000000), (0.000000625, 0.000000000), (0.000000974, 0.000000000), (0.000000636, 0.000000000), (0.000000972, 0.000000000), (0.000000694, 0.000000000), (0.000000853, 0.000000000), (0.000000608, 0.000000000), (0.000000918, 209.715200000), (0.000000635, 0.000000000), (0.000001043, 0.000000000), (0.000000628, 0.000000000), (0.000000913, 0.000000000), (0.000000661, 0.000000000), (0.000001086, 0.000000000), (0.000000695, 0.000000000), (0.000000877, 0.000000000), (0.000000650, 0.000000000), (0.000001020, 209.715200000), (0.000000789, 0.000000000), (0.000001147, 0.000000000), (0.000000806, 0.000000000), (0.000001151, 0.000000000), (0.000000838, 0.000000000), (0.000001250, 0.000000000), (0.000000766, 0.000000000), (0.000001008, 0.000000000), (0.000000772, 0.000000000), (0.000001197, 209.715200000), (0.000000769, 0.000000000), (0.000001076, 0.000000000), (0.000000795, 0.000000000), (0.000001151, 0.000000000), (0.000000890, 0.000000000), (0.000001200, 0.000000000), (0.000000797, 0.000000000), (0.000000987, 0.000000000), (0.000000845, 0.000000000), (0.000001228, 209.715200000), (0.000000856, 0.000000000), (0.000001139, 0.000000000), (0.000000853, 0.000000000), (0.000001052, 0.000000000), (0.000000814, 0.000000000), (0.000001172, 0.000000000), (0.000000917, 0.000000000), (0.000001149, 0.000000000), (0.000000818, 0.000000000), (0.000001192, 209.715200000), (0.000000804, 0.000000000), (0.000001165, 0.000000000), (0.000000828, 0.000000000), (0.000001141, 0.000000000), (0.000000800, 0.000000000), (0.000001104, 0.000000000), (0.000000898, 0.000000000)],
"worst_23":[(0.000001097, 0.000000000), (0.000000849, 0.000000000), (0.000001091, 0.000000000), (0.000000770, 0.000000000), (0.000001138, 0.000000000), (0.000000760, 0.000000000), (0.000001043, 0.000000000), (0.000000697, 0.000000000), (0.000001012, 0.000000000), (0.000000748, 0.000000000), (0.000000948, 0.000000000), (0.000000781, 0.000000000), (0.000000996, 0.000000000), (0.000000637, 0.000000000), (0.000000974, 0.000000000), (0.000000738, 0.000000000), (0.000001013, 0.000000000), (0.000000706, 0.000000000), (0.000001063, 0.000000000), (0.000000743, 0.000000000), (0.000000930, 0.000000000), (0.000000713, 0.000000000), (0.000001007, 0.000000000), (0.000000665, 0.000000000), (0.000000990, 0.000000000), (0.000000738, 0.000000000), (0.000000936, 0.000000000), (0.000000674, 0.000000000), (0.000000960, 0.000000000), (0.000000726, 0.000000000), (0.000000895, 0.000000000), (0.000000703, 0.000000000), (0.000001064, 0.000000000), (0.000000651, 0.000000000), (0.000000951, 0.000000000), (0.000000673, 0.000000000), (0.000000982, 0.000000000), (0.000000698, 0.000000000), (0.000001051, 0.000000000), (0.000000738, 0.000000000), (0.000000927, 0.000000000), (0.000000737, 0.000000000), (0.000000961, 0.000000000), (0.000000644, 0.000000000), (0.000000973, 0.000000000), (0.000000715, 0.000000000), (0.000000987, 0.000000000), (0.000000686, 0.000000000), (0.000001112, 0.000000000), (0.000000719, 0.000000000), (0.000000912, 0.000000000), (0.000000704, 0.000000000), (0.000003416, 0.000000000), (0.000000651, 0.000000000), (0.000000906, 0.000000000), (0.000000700, 0.000000000), (0.000001025, 0.000000000), (0.000000708, 0.000000000), (0.000001022, 0.000000000), (0.000000763, 0.000000000), (0.000000965, 0.000000000), (0.000000702, 0.000000000), (0.000000976, 0.000000000), (0.000000747, 0.000000000), (0.000000912, 0.000000000), (0.000000640, 0.000000000), (0.000000930, 0.000000000), (0.000000674, 0.000000000), (0.000001018, 0.000000000), (0.000000657, 0.000000000), (0.000000919, 0.000000000), (0.000000740, 0.000000000), (0.000001093, 0.000000000), (0.000000739, 0.000000000), (0.000001031, 0.000000000), (0.000000759, 0.000000000), (0.000001031, 0.000000000), (0.000000677, 0.000000000), (0.000001106, 0.000000000), (0.000000721, 0.000000000), (0.000000911, 0.000000000), (0.000000796, 0.000000000), (0.000000971, 0.000000000), (0.000000692, 0.000000000), (0.000001001, 0.000000000), (0.000000741, 0.000000000), (0.000000957, 0.000000000), (0.000000688, 0.000000000), (0.000001076, 0.000000000), (0.000000725, 0.000000000), (0.000000931, 0.000000000), (0.000000871, 0.000000000), (0.000001138, 0.000000000), (0.000000645, 0.000000000), (0.000000949, 0.000000000), (0.000000713, 0.000000000), (0.000001000, 0.000000000), (0.000000700, 0.000000000), (0.000001182, 0.000000000), (0.000000711, 0.000000000)],
"worst_24":[(0.000000938, 419.430400000), (0.000000796, 0.000000000), (0.000000976, 0.000000000), (0.000000724, 0.000000000), (0.000001052, 0.000000000), (0.000000734, 0.000000000), (0.000001131, 0.000000000), (0.000000799, 0.000000000), (0.000001165, 0.000000000), (0.000000815, 0.000000000), (0.000001039, 419.430400000), (0.000001009, 0.000000000), (0.000001219, 0.000000000), (0.000001012, 0.000000000), (0.000001283, 0.000000000), (0.000000882, 0.000000000), (0.000001398, 0.000000000), (0.000000895, 0.000000000), (0.000001355, 0.000000000), (0.000000946, 0.000000000), (0.000001173, 419.430400000), (0.000000852, 0.000000000), (0.000001139, 0.000000000), (0.000000777, 0.000000000), (0.000001098, 0.000000000), (0.000000890, 0.000000000), (0.000001258, 0.000000000), (0.000000881, 0.000000000), (0.000001249, 0.000000000), (0.000000921, 0.000000000), (0.000001087, 419.430400000), (0.000001012, 0.000000000), (0.000001257, 0.000000000), (0.000000969, 0.000000000), (0.000001282, 0.000000000), (0.000000868, 0.000000000), (0.000001280, 0.000000000), (0.000000944, 0.000000000), (0.000001517, 0.000000000), (0.000001010, 0.000000000), (0.000001271, 419.430400000), (0.000000993, 0.000000000), (0.000001327, 0.000000000), (0.000000863, 0.000000000), (0.000001213, 0.000000000), (0.000000863, 0.000000000), (0.000001213, 0.000000000), (0.000000948, 0.000000000), (0.000001421, 0.000000000), (0.000000940, 0.000000000), (0.000001069, 419.430400000), (0.000000816, 0.000000000), (0.000001007, 0.000000000), (0.000000754, 0.000000000), (0.000001072, 0.000000000), (0.000000808, 0.000000000), (0.000001126, 0.000000000), (0.000000795, 0.000000000), (0.000001136, 0.000000000), (0.000000787, 0.000000000), (0.000000956, 419.430400000), (0.000000801, 0.000000000), (0.000001053, 0.000000000), (0.000000777, 0.000000000), (0.000001140, 0.000000000), (0.000000780, 0.000000000), (0.000001103, 0.000000000), (0.000000788, 0.000000000), (0.000001063, 0.000000000), (0.000000793, 0.000000000), (0.000001079, 419.430400000), (0.000000844, 0.000000000), (0.000001061, 0.000000000), (0.000000785, 0.000000000), (0.000001094, 0.000000000), (0.000000787, 0.000000000), (0.000001219, 0.000000000), (0.000000779, 0.000000000), (0.000001100, 0.000000000), (0.000000788, 0.000000000), (0.000001064, 419.430400000), (0.000000951, 0.000000000), (0.000001033, 0.000000000), (0.000000765, 0.000000000), (0.000001208, 0.000000000), (0.000000894, 0.000000000), (0.000001278, 0.000000000), (0.000000755, 0.000000000), (0.000001054, 0.000000000), (0.000000788, 0.000000000), (0.000001087, 419.430400000), (0.000000839, 0.000000000), (0.000001032, 0.000000000), (0.000000733, 0.000000000), (0.000001076, 0.000000000), (0.000000891, 0.000000000), (0.000001097, 0.000000000), (0.000000747, 0.000000000), (0.000001054, 0.000000000), (0.000000795, 0.000000000)],
"worst_25":[(0.000000944, 0.000000000), (0.000000870, 0.000000000), (0.000001078, 0.000000000), (0.000000814, 0.000000000), (0.000001132, 0.000000000), (0.000000825, 0.000000000), (0.000001148, 0.000000000), (0.000000841, 0.000000000), (0.000001159, 0.000000000), (0.000000913, 0.000000000), (0.000001108, 0.000000000), (0.000000990, 0.000000000), (0.000001098, 0.000000000), (0.000000817, 0.000000000), (0.000001093, 0.000000000), (0.000000864, 0.000000000), (0.000001144, 0.000000000), (0.000000869, 0.000000000), (0.000001189, 0.000000000), (0.000001069, 0.000000000), (0.000001172, 0.000000000), (0.000001257, 0.000000000), (0.000001251, 0.000000000), (0.000000902, 0.000000000), (0.000001100, 0.000000000), (0.000000852, 0.000000000), (0.000001122, 0.000000000), (0.000000839, 0.000000000), (0.000001170, 0.000000000), (0.000000887, 0.000000000), (0.000001102, 0.000000000), (0.000001004, 0.000000000), (0.000001149, 0.000000000), (0.000000869, 0.000000000), (0.000001148, 0.000000000), (0.000000919, 0.000000000), (0.000001249, 0.000000000), (0.000000957, 0.000000000), (0.000001339, 0.000000000), (0.000001005, 0.000000000), (0.000001272, 0.000000000), (0.000001103, 0.000000000), (0.000001304, 0.000000000), (0.000001018, 0.000000000), (0.000001440, 0.000000000), (0.000001043, 0.000000000), (0.000001386, 0.000000000), (0.000001003, 0.000000000), (0.000001422, 0.000000000), (0.000000988, 0.000000000), (0.000001212, 0.000000000), (0.000001186, 0.000000000), (0.000001255, 0.000000000), (0.000000990, 0.000000000), (0.000001336, 0.000000000), (0.000000977, 0.000000000), (0.000001303, 0.000000000), (0.000001052, 0.000000000), (0.000001394, 0.000000000), (0.000001103, 0.000000000), (0.000001300, 0.000000000), (0.000001269, 0.000000000), (0.000001336, 0.000000000), (0.000000919, 0.000000000), (0.000001267, 0.000000000), (0.000000885, 0.000000000), (0.000001204, 0.000000000), (0.000000861, 0.000000000), (0.000001159, 0.000000000), (0.000000870, 0.000000000), (0.000001133, 0.000000000), (0.000000990, 0.000000000), (0.000001158, 0.000000000), (0.000000850, 0.000000000), (0.000001146, 0.000000000), (0.000000857, 0.000000000), (0.000001166, 0.000000000), (0.000000872, 0.000000000), (0.000001182, 0.000000000), (0.000000859, 0.000000000), (0.000001105, 0.000000000), (0.000000941, 0.000000000), (0.000001131, 0.000000000), (0.000000853, 0.000000000), (0.000001153, 0.000000000), (0.000000844, 0.000000000), (0.000001095, 0.000000000), (0.000000828, 0.000000000), (0.000001142, 0.000000000), (0.000000878, 0.000000000), (0.000001211, 0.000000000), (0.000000955, 0.000000000), (0.000001114, 0.000000000), (0.000000848, 0.000000000), (0.000001209, 0.000000000), (0.000000875, 0.000000000), (0.000001262, 0.000000000), (0.000000818, 0.000000000), (0.000001159, 0.000000000), (0.000000859, 0.000000000)],
"worst_26":[(0.000001167, 0.000000000), (0.000001156, 0.000000000), (0.000001300, 0.000000000), (0.000000914, 0.000000000), (0.000001252, 0.000000000), (0.000000890, 0.000000000), (0.000001195, 0.000000000), (0.000000938, 0.000000000), (0.000001216, 0.000000000), (0.000000916, 0.000000000), (0.000001238, 0.000000000), (0.000001140, 0.000000000), (0.000001201, 0.000000000), (0.000000964, 0.000000000), (0.000001128, 0.000000000), (0.000000986, 0.000000000), (0.000001197, 0.000000000), (0.000000923, 0.000000000), (0.000001215, 0.000000000), (0.000000926, 0.000000000), (0.000001118, 0.000000000), (0.000001074, 0.000000000), (0.000001135, 0.000000000), (0.000000897, 0.000000000), (0.000001290, 0.000000000), (0.000000912, 0.000000000), (0.000001224, 0.000000000), (0.000000937, 0.000000000), (0.000001249, 0.000000000), (0.000000999, 0.000000000), (0.000001125, 0.000000000), (0.000001108, 0.000000000), (0.000001187, 0.000000000), (0.000000953, 0.000000000), (0.000001251, 0.000000000), (0.000000949, 0.000000000), (0.000001239, 0.000000000), (0.000001023, 0.000000000), (0.000001186, 0.000000000), (0.000001079, 0.000000000), (0.000001214, 0.000000000), (0.000001182, 0.000000000), (0.000001274, 0.000000000), (0.000000965, 0.000000000), (0.000001099, 0.000000000), (0.000000892, 0.000000000), (0.000001211, 0.000000000), (0.000001032, 0.000000000), (0.000001401, 0.000000000), (0.000001026, 0.000000000), (0.000001177, 0.000000000), (0.000001158, 0.000000000), (0.000001354, 0.000000000), (0.000001125, 0.000000000), (0.000001433, 0.000000000), (0.000001132, 0.000000000), (0.000001451, 0.000000000), (0.000001296, 0.000000000), (0.000001485, 0.000000000), (0.000001094, 0.000000000), (0.000001356, 0.000000000), (0.000001328, 0.000000000), (0.000001380, 0.000000000), (0.000001100, 0.000000000), (0.000001324, 0.000000000), (0.000001117, 0.000000000), (0.000001507, 0.000000000), (0.000001162, 0.000000000), (0.000001506, 0.000000000), (0.000001092, 0.000000000), (0.000001414, 0.000000000), (0.000001274, 0.000000000), (0.000001326, 0.000000000), (0.000001108, 0.000000000), (0.000001348, 0.000000000), (0.000001066, 0.000000000), (0.000001526, 0.000000000), (0.000001145, 0.000000000), (0.000001366, 0.000000000), (0.000001027, 0.000000000), (0.000001375, 0.000000000), (0.000001416, 0.000000000), (0.000001271, 0.000000000), (0.000001021, 0.000000000), (0.000001216, 0.000000000), (0.000001031, 0.000000000), (0.000001264, 0.000000000), (0.000000930, 0.000000000), (0.000001257, 0.000000000), (0.000000956, 0.000000000), (0.000001076, 0.000000000), (0.000001092, 0.000000000), (0.000001176, 0.000000000), (0.000000967, 0.000000000), (0.000001230, 0.000000000), (0.000000955, 0.000000000), (0.000001273, 0.000000000), (0.000000975, 0.000000000), (0.000001181, 0.000000000), (0.000000929, 0.000000000)],
"worst_27":[(0.000001194, 0.000000000), (0.000001464, 0.000000000), (0.000002147, 1677.721600000), (0.000001256, 0.000000000), (0.000001486, 0.000000000), (0.000001177, 0.000000000), (0.000001495, 0.000000000), (0.000001235, 0.000000000), (0.000001580, 0.000000000), (0.000001212, 0.000000000), (0.000001371, 0.000000000), (0.000001471, 0.000000000), (0.000002349, 1677.721600000), (0.000001278, 0.000000000), (0.000001574, 0.000000000), (0.000001144, 0.000000000), (0.000001543, 0.000000000), (0.000001193, 0.000000000), (0.000001579, 0.000000000), (0.000001167, 0.000000000), (0.000001621, 0.000000000), (0.000001555, 0.000000000), (0.000002284, 1677.721600000), (0.000001317, 0.000000000), (0.000001558, 0.000000000), (0.000001204, 0.000000000), (0.000001484, 0.000000000), (0.000001070, 0.000000000), (0.000001393, 0.000000000), (0.000001012, 0.000000000), (0.000001133, 0.000000000), (0.000001255, 0.000000000), (0.000001888, 1677.721600000), (0.000001012, 0.000000000), (0.000001232, 0.000000000), (0.000000989, 0.000000000), (0.000001322, 0.000000000), (0.000000986, 0.000000000), (0.000001279, 0.000000000), (0.000000981, 0.000000000), (0.000001206, 0.000000000), (0.000001210, 0.000000000), (0.000001842, 1677.721600000), (0.000001021, 0.000000000), (0.000001357, 0.000000000), (0.000000991, 0.000000000), (0.000001261, 0.000000000), (0.000000989, 0.000000000), (0.000001319, 0.000000000), (0.000000954, 0.000000000), (0.000001304, 0.000000000), (0.000001364, 0.000000000), (0.000001907, 1677.721600000), (0.000001248, 0.000000000), (0.000001369, 0.000000000), (0.000001060, 0.000000000), (0.000001252, 0.000000000), (0.000000979, 0.000000000), (0.000001296, 0.000000000), (0.000001028, 0.000000000), (0.000001277, 0.000000000), (0.000001300, 0.000000000), (0.000001906, 1677.721600000), (0.000001035, 0.000000000), (0.000001231, 0.000000000), (0.000000971, 0.000000000), (0.000001255, 0.000000000), (0.000000963, 0.000000000), (0.000001274, 0.000000000), (0.000000961, 0.000000000), (0.000001181, 0.000000000), (0.000001213, 0.000000000), (0.000001816, 1677.721600000), (0.000000985, 0.000000000), (0.000001213, 0.000000000), (0.000000972, 0.000000000), (0.000001250, 0.000000000), (0.000000983, 0.000000000), (0.000001266, 0.000000000), (0.000000991, 0.000000000), (0.000001248, 0.000000000), (0.000001247, 0.000000000), (0.000001880, 1677.721600000), (0.000001023, 0.000000000), (0.000001238, 0.000000000), (0.000000978, 0.000000000), (0.000001238, 0.000000000), (0.000000967, 0.000000000), (0.000001288, 0.000000000), (0.000001000, 0.000000000), (0.000001237, 0.000000000), (0.000001275, 0.000000000), (0.000001859, 1677.721600000), (0.000001024, 0.000000000), (0.000001313, 0.000000000), (0.000000976, 0.000000000), (0.000001275, 0.000000000), (0.000000958, 0.000000000), (0.000001241, 0.000000000), (0.000000912, 0.000000000)],
"worst_28":[(0.000001347, 0.000000000), (0.000001375, 0.000000000), (0.000001357, 0.000000000), (0.000001181, 0.000000000), (0.000001325, 0.000000000), (0.000001061, 0.000000000), (0.000001287, 0.000000000), (0.000001029, 0.000000000), (0.000001266, 0.000000000), (0.000001009, 0.000000000), (0.000001335, 0.000000000), (0.000001397, 0.000000000), (0.000001307, 0.000000000), (0.000001199, 0.000000000), (0.000001320, 0.000000000), (0.000001123, 0.000000000), (0.000001358, 0.000000000), (0.000001092, 0.000000000), (0.000001338, 0.000000000), (0.000001041, 0.000000000), (0.000001218, 0.000000000), (0.000001336, 0.000000000), (0.000001354, 0.000000000), (0.000001130, 0.000000000), (0.000001377, 0.000000000), (0.000001096, 0.000000000), (0.000001336, 0.000000000), (0.000001082, 0.000000000), (0.000001377, 0.000000000), (0.000001086, 0.000000000), (0.000001334, 0.000000000), (0.000001419, 0.000000000), (0.000001358, 0.000000000), (0.000001190, 0.000000000), (0.000001352, 0.000000000), (0.000001068, 0.000000000), (0.000001318, 0.000000000), (0.000001092, 0.000000000), (0.000001376, 0.000000000), (0.000001071, 0.000000000), (0.000001255, 0.000000000), (0.000001369, 0.000000000), (0.000001312, 0.000000000), (0.000001179, 0.000000000), (0.000001378, 0.000000000), (0.000001175, 0.000000000), (0.000001470, 0.000000000), (0.000001316, 0.000000000), (0.000001561, 0.000000000), (0.000001258, 0.000000000), (0.000001314, 0.000000000), (0.000001382, 0.000000000), (0.000001296, 0.000000000), (0.000001182, 0.000000000), (0.000001325, 0.000000000), (0.000001156, 0.000000000), (0.000001348, 0.000000000), (0.000001147, 0.000000000), (0.000001380, 0.000000000), (0.000001055, 0.000000000), (0.000001250, 0.000000000), (0.000001424, 0.000000000), (0.000001258, 0.000000000), (0.000001170, 0.000000000), (0.000001341, 0.000000000), (0.000001119, 0.000000000), (0.000001355, 0.000000000), (0.000001056, 0.000000000), (0.000001340, 0.000000000), (0.000001079, 0.000000000), (0.000001288, 0.000000000), (0.000001383, 0.000000000), (0.000001249, 0.000000000), (0.000001202, 0.000000000), (0.000001275, 0.000000000), (0.000001236, 0.000000000), (0.000001310, 0.000000000), (0.000001185, 0.000000000), (0.000001358, 0.000000000), (0.000001144, 0.000000000), (0.000001280, 0.000000000), (0.000001399, 0.000000000), (0.000001317, 0.000000000), (0.000001178, 0.000000000), (0.000001285, 0.000000000), (0.000001134, 0.000000000), (0.000001315, 0.000000000), (0.000001081, 0.000000000), (0.000001359, 0.000000000), (0.000001096, 0.000000000), (0.000001247, 0.000000000), (0.000001343, 0.000000000), (0.000001267, 0.000000000), (0.000001184, 0.000000000), (0.000001327, 0.000000000), (0.000001231, 0.000000000), (0.000001395, 0.000000000), (0.000001073, 0.000000000), (0.000001314, 0.000000000), (0.000001095, 0.000000000)],
"worst_29":[(0.000001333, 0.000000000), (0.000001576, 0.000000000), (0.000001304, 0.000000000), (0.000001270, 0.000000000), (0.000001362, 0.000000000), (0.000001259, 0.000000000), (0.000001390, 0.000000000), (0.000001196, 0.000000000), (0.000001425, 0.000000000), (0.000001172, 0.000000000), (0.000001468, 0.000000000), (0.000001534, 0.000000000), (0.000001372, 0.000000000), (0.000001338, 0.000000000), (0.000001424, 0.000000000), (0.000001268, 0.000000000), (0.000001502, 0.000000000), (0.000001193, 0.000000000), (0.000001461, 0.000000000), (0.000001199, 0.000000000), (0.000001421, 0.000000000), (0.000001827, 0.000000000), (0.000001422, 0.000000000), (0.000001328, 0.000000000), (0.000001441, 0.000000000), (0.000001376, 0.000000000), (0.000001568, 0.000000000), (0.000001232, 0.000000000), (0.000001447, 0.000000000), (0.000001199, 0.000000000), (0.000001353, 0.000000000), (0.000001586, 0.000000000), (0.000001373, 0.000000000), (0.000001314, 0.000000000), (0.000001368, 0.000000000), (0.000001277, 0.000000000), (0.000001385, 0.000000000), (0.000001201, 0.000000000), (0.000001462, 0.000000000), (0.000001211, 0.000000000), (0.000001508, 0.000000000), (0.000001574, 0.000000000), (0.000001292, 0.000000000), (0.000001234, 0.000000000), (0.000001343, 0.000000000), (0.000001274, 0.000000000), (0.000001415, 0.000000000), (0.000001221, 0.000000000), (0.000001415, 0.000000000), (0.000001190, 0.000000000), (0.000001298, 0.000000000), (0.000001499, 0.000000000), (0.000001383, 0.000000000), (0.000001336, 0.000000000), (0.000001337, 0.000000000), (0.000001213, 0.000000000), (0.000001408, 0.000000000), (0.000001291, 0.000000000), (0.000001429, 0.000000000), (0.000001153, 0.000000000), (0.000001401, 0.000000000), (0.000001514, 0.000000000), (0.000001311, 0.000000000), (0.000001250, 0.000000000), (0.000001360, 0.000000000), (0.000001222, 0.000000000), (0.000001432, 0.000000000), (0.000001201, 0.000000000), (0.000001425, 0.000000000), (0.000001249, 0.000000000), (0.000001324, 0.000000000), (0.000001557, 0.000000000), (0.000001350, 0.000000000), (0.000001311, 0.000000000), (0.000001471, 0.000000000), (0.000001257, 0.000000000), (0.000001363, 0.000000000), (0.000001209, 0.000000000), (0.000001410, 0.000000000), (0.000001212, 0.000000000), (0.000001249, 0.000000000), (0.000001493, 0.000000000), (0.000001348, 0.000000000), (0.000001284, 0.000000000), (0.000001448, 0.000000000), (0.000001275, 0.000000000), (0.000001405, 0.000000000), (0.000001146, 0.000000000), (0.000001386, 0.000000000), (0.000001186, 0.000000000), (0.000001360, 0.000000000), (0.000001532, 0.000000000), (0.000001554, 0.000000000), (0.000001274, 0.000000000), (0.000001328, 0.000000000), (0.000001191, 0.000000000), (0.000001391, 0.000000000), (0.000001240, 0.000000000), (0.000001437, 0.000000000), (0.000001199, 0.000000000)],
"worst_30":[(0.000001421, 0.000000000), (0.000001689, 0.000000000), (0.000001386, 0.000000000), (0.000001468, 0.000000000), (0.000001453, 0.000000000), (0.000001396, 0.000000000), (0.000001598, 0.000000000), (0.000001303, 0.000000000), (0.000001495, 0.000000000), (0.000001352, 0.000000000), (0.000001394, 0.000000000), (0.000001820, 0.000000000), (0.000001402, 0.000000000), (0.000001446, 0.000000000), (0.000001479, 0.000000000), (0.000001368, 0.000000000), (0.000001463, 0.000000000), (0.000001407, 0.000000000), (0.000001484, 0.000000000), (0.000001303, 0.000000000), (0.000001327, 0.000000000), (0.000001682, 0.000000000), (0.000001381, 0.000000000), (0.000001459, 0.000000000), (0.000001437, 0.000000000), (0.000001383, 0.000000000), (0.000001527, 0.000000000), (0.000001340, 0.000000000), (0.000001480, 0.000000000), (0.000001276, 0.000000000), (0.000001385, 0.000000000), (0.000001695, 0.000000000), (0.000001397, 0.000000000), (0.000001422, 0.000000000), (0.000001488, 0.000000000), (0.000001370, 0.000000000), (0.000001526, 0.000000000), (0.000001331, 0.000000000), (0.000001565, 0.000000000), (0.000001480, 0.000000000), (0.000001350, 0.000000000), (0.000001870, 0.000000000), (0.000001439, 0.000000000), (0.000001454, 0.000000000), (0.000001472, 0.000000000), (0.000001375, 0.000000000), (0.000001415, 0.000000000), (0.000001280, 0.000000000), (0.000001414, 0.000000000), (0.000001250, 0.000000000), (0.000001416, 0.000000000), (0.000001741, 0.000000000), (0.000001509, 0.000000000), (0.000001475, 0.000000000), (0.000001484, 0.000000000), (0.000001440, 0.000000000), (0.000001536, 0.000000000), (0.000001337, 0.000000000), (0.000001483, 0.000000000), (0.000001400, 0.000000000), (0.000001426, 0.000000000), (0.000001738, 0.000000000), (0.000001432, 0.000000000), (0.000001439, 0.000000000), (0.000001483, 0.000000000), (0.000001362, 0.000000000), (0.000001460, 0.000000000), (0.000001343, 0.000000000), (0.000001507, 0.000000000), (0.000001413, 0.000000000), (0.000001373, 0.000000000), (0.000001771, 0.000000000), (0.000001443, 0.000000000), (0.000001449, 0.000000000), (0.000001441, 0.000000000), (0.000001402, 0.000000000), (0.000001497, 0.000000000), (0.000001421, 0.000000000), (0.000001476, 0.000000000), (0.000001318, 0.000000000), (0.000001506, 0.000000000), (0.000001759, 0.000000000), (0.000001398, 0.000000000), (0.000001447, 0.000000000), (0.000001444, 0.000000000), (0.000001506, 0.000000000), (0.000001662, 0.000000000), (0.000001517, 0.000000000), (0.000001561, 0.000000000), (0.000001301, 0.000000000), (0.000001394, 0.000000000), (0.000001744, 0.000000000), (0.000001470, 0.000000000), (0.000001535, 0.000000000), (0.000001644, 0.000000000), (0.000001371, 0.000000000), (0.000001484, 0.000000000), (0.000001363, 0.000000000), (0.000001669, 0.000000000), (0.000001448, 0.000000000)],
"worst_31":[(0.000001503, 0.000000000), (0.000001984, 0.000000000), (0.000001573, 0.000000000), (0.000001662, 0.000000000), (0.000001637, 0.000000000), (0.000001610, 0.000000000), (0.000001567, 0.000000000), (0.000001555, 0.000000000), (0.000001614, 0.000000000), (0.000001510, 0.000000000), (0.000001513, 0.000000000), (0.000001969, 0.000000000), (0.000001542, 0.000000000), (0.000001780, 0.000000000), (0.000001561, 0.000000000), (0.000001655, 0.000000000), (0.000001647, 0.000000000), (0.000001514, 0.000000000), (0.000001661, 0.000000000), (0.000001553, 0.000000000), (0.000001807, 0.000000000), (0.000002670, 0.000000000), (0.000002196, 0.000000000), (0.000001972, 0.000000000), (0.000001854, 0.000000000), (0.000001890, 0.000000000), (0.000001775, 0.000000000), (0.000002021, 0.000000000), (0.000001781, 0.000000000), (0.000001771, 0.000000000), (0.000001899, 0.000000000), (0.000002274, 0.000000000), (0.000001956, 0.000000000), (0.000002059, 0.000000000), (0.000002017, 0.000000000), (0.000001833, 0.000000000), (0.000001890, 0.000000000), (0.000001925, 0.000000000), (0.000002030, 0.000000000), (0.000001759, 0.000000000), (0.000001527, 0.000000000), (0.000002062, 0.000000000), (0.000001549, 0.000000000), (0.000001908, 0.000000000), (0.000001539, 0.000000000), (0.000001569, 0.000000000), (0.000001659, 0.000000000), (0.000001490, 0.000000000), (0.000001590, 0.000000000), (0.000001531, 0.000000000), (0.000001496, 0.000000000), (0.000002000, 0.000000000), (0.000001513, 0.000000000), (0.000001709, 0.000000000), (0.000001621, 0.000000000), (0.000001624, 0.000000000), (0.000001594, 0.000000000), (0.000001504, 0.000000000), (0.000001582, 0.000000000), (0.000001533, 0.000000000), (0.000001601, 0.000000000), (0.000002021, 0.000000000), (0.000001558, 0.000000000), (0.000001728, 0.000000000), (0.000001600, 0.000000000), (0.000001672, 0.000000000), (0.000001578, 0.000000000), (0.000001549, 0.000000000), (0.000001757, 0.000000000), (0.000001500, 0.000000000), (0.000001636, 0.000000000), (0.000001951, 0.000000000), (0.000001555, 0.000000000), (0.000001696, 0.000000000), (0.000001619, 0.000000000), (0.000001655, 0.000000000), (0.000001632, 0.000000000), (0.000001636, 0.000000000), (0.000001581, 0.000000000), (0.000001740, 0.000000000), (0.000001970, 0.000000000), (0.000002734, 0.000000000), (0.000002142, 0.000000000), (0.000002656, 0.000000000), (0.000002124, 0.000000000), (0.000001960, 0.000000000), (0.000002357, 0.000000000), (0.000002136, 0.000000000), (0.000001996, 0.000000000), (0.000001980, 0.000000000), (0.000001605, 0.000000000), (0.000002181, 0.000000000), (0.000001585, 0.000000000), (0.000002002, 0.000000000), (0.000001703, 0.000000000), (0.000001622, 0.000000000), (0.000001617, 0.000000000), (0.000001654, 0.000000000), (0.000001674, 0.000000000), (0.000001833, 0.000000000)],
"worst_32":[(0.000001654, 0.000000000), (0.000002230, 0.000000000), (0.000001670, 0.000000000), (0.000001849, 0.000000000), (0.000001710, 0.000000000), (0.000001843, 0.000000000), (0.000001774, 0.000000000), (0.000001722, 0.000000000), (0.000001700, 0.000000000), (0.000001749, 0.000000000), (0.000001656, 0.000000000), (0.000002301, 0.000000000), (0.000001685, 0.000000000), (0.000001928, 0.000000000), (0.000001753, 0.000000000), (0.000001833, 0.000000000), (0.000001758, 0.000000000), (0.000001853, 0.000000000), (0.000001845, 0.000000000), (0.000002026, 0.000000000), (0.000001719, 0.000000000), (0.000002265, 0.000000000), (0.000001703, 0.000000000), (0.000001999, 0.000000000), (0.000001698, 0.000000000), (0.000001832, 0.000000000), (0.000001839, 0.000000000), (0.000001729, 0.000000000), (0.000001729, 0.000000000), (0.000001739, 0.000000000), (0.000001701, 0.000000000), (0.000002245, 0.000000000), (0.000001745, 0.000000000), (0.000001873, 0.000000000), (0.000001728, 0.000000000), (0.000001802, 0.000000000), (0.000001695, 0.000000000), (0.000001791, 0.000000000), (0.000001802, 0.000000000), (0.000001662, 0.000000000), (0.000001629, 0.000000000), (0.000002195, 0.000000000), (0.000001676, 0.000000000), (0.000001852, 0.000000000), (0.000001648, 0.000000000), (0.000001885, 0.000000000), (0.000001745, 0.000000000), (0.000001737, 0.000000000), (0.000001731, 0.000000000), (0.000001729, 0.000000000), (0.000001642, 0.000000000), (0.000002272, 0.000000000), (0.000001782, 0.000000000), (0.000001883, 0.000000000), (0.000001753, 0.000000000), (0.000001744, 0.000000000), (0.000001665, 0.000000000), (0.000001832, 0.000000000), (0.000001682, 0.000000000), (0.000001652, 0.000000000), (0.000001870, 0.000000000), (0.000002308, 0.000000000), (0.000001656, 0.000000000), (0.000001883, 0.000000000), (0.000001726, 0.000000000), (0.000001893, 0.000000000), (0.000001812, 0.000000000), (0.000001789, 0.000000000), (0.000001704, 0.000000000), (0.000001765, 0.000000000), (0.000001705, 0.000000000), (0.000002243, 0.000000000), (0.000001764, 0.000000000), (0.000001957, 0.000000000), (0.000001681, 0.000000000), (0.000001835, 0.000000000), (0.000001857, 0.000000000), (0.000001723, 0.000000000), (0.000001762, 0.000000000), (0.000001763, 0.000000000), (0.000001653, 0.000000000), (0.000002227, 0.000000000), (0.000001743, 0.000000000), (0.000001938, 0.000000000), (0.000001729, 0.000000000), (0.000001938, 0.000000000), (0.000001691, 0.000000000), (0.000001798, 0.000000000), (0.000001692, 0.000000000), (0.000001675, 0.000000000), (0.000001774, 0.000000000), (0.000002226, 0.000000000), (0.000001667, 0.000000000), (0.000001894, 0.000000000), (0.000001642, 0.000000000), (0.000001768, 0.000000000), (0.000001711, 0.000000000), (0.000001760, 0.000000000), (0.000001741, 0.000000000), (0.000001738, 0.000000000)],
"worst_33":[(0.000001715, 0.000000000), (0.000002547, 0.000000000), (0.000002012, 0.000000000), (0.000002364, 0.000000000), (0.000001986, 0.000000000), (0.000002101, 0.000000000), (0.000001916, 0.000000000), (0.000001908, 0.000000000), (0.000001925, 0.000000000), (0.000002008, 0.000000000), (0.000001788, 0.000000000), (0.000002590, 0.000000000), (0.000001820, 0.000000000), (0.000002210, 0.000000000), (0.000001893, 0.000000000), (0.000002128, 0.000000000), (0.000001933, 0.000000000), (0.000001980, 0.000000000), (0.000001848, 0.000000000), (0.000002004, 0.000000000), (0.000001793, 0.000000000), (0.000002594, 0.000000000), (0.000001809, 0.000000000), (0.000002282, 0.000000000), (0.000001828, 0.000000000), (0.000002218, 0.000000000), (0.000001860, 0.000000000), (0.000002007, 0.000000000), (0.000001956, 0.000000000), (0.000001995, 0.000000000), (0.000002014, 0.000000000), (0.000002926, 0.000000000), (0.000002406, 0.000000000), (0.000002588, 0.000000000), (0.000002165, 0.000000000), (0.000002648, 0.000000000), (0.000002242, 0.000000000), (0.000002429, 0.000000000), (0.000002227, 0.000000000), (0.000002019, 0.000000000), (0.000002345, 0.000000000), (0.000003591, 0.000000000), (0.000002543, 0.000000000), (0.000002998, 0.000000000), (0.000002585, 0.000000000), (0.000002865, 0.000000000), (0.000002549, 0.000000000), (0.000002990, 0.000000000), (0.000002755, 0.000000000), (0.000003231, 0.000000000), (0.000001747, 0.000000000), (0.000002521, 0.000000000), (0.000001847, 0.000000000), (0.000002235, 0.000000000), (0.000001826, 0.000000000), (0.000002069, 0.000000000), (0.000001864, 0.000000000), (0.000001974, 0.000000000), (0.000001883, 0.000000000), (0.000001942, 0.000000000), (0.000001808, 0.000000000), (0.000002429, 0.000000000), (0.000001890, 0.000000000), (0.000002174, 0.000000000), (0.000001875, 0.000000000), (0.000002059, 0.000000000), (0.000001751, 0.000000000), (0.000001984, 0.000000000), (0.000001773, 0.000000000), (0.000001844, 0.000000000), (0.000001815, 0.000000000), (0.000002513, 0.000000000), (0.000001923, 0.000000000), (0.000002097, 0.000000000), (0.000001834, 0.000000000), (0.000002054, 0.000000000), (0.000001930, 0.000000000), (0.000001914, 0.000000000), (0.000001828, 0.000000000), (0.000001946, 0.000000000), (0.000001758, 0.000000000), (0.000002509, 0.000000000), (0.000001772, 0.000000000), (0.000002146, 0.000000000), (0.000001901, 0.000000000), (0.000002080, 0.000000000), (0.000001810, 0.000000000), (0.000001992, 0.000000000), (0.000001835, 0.000000000), (0.000001983, 0.000000000), (0.000001760, 0.000000000), (0.000002499, 0.000000000), (0.000001886, 0.000000000), (0.000002270, 0.000000000), (0.000001817, 0.000000000), (0.000002091, 0.000000000), (0.000001897, 0.000000000), (0.000001975, 0.000000000), (0.000001851, 0.000000000), (0.000001983, 0.000000000)],
"worst_34":[(0.000002343, 0.000000000), (0.000003321, 0.000000000), (0.000002484, 0.000000000), (0.000003227, 0.000000000), (0.000002331, 0.000000000), (0.000002829, 0.000000000), (0.000002850, 0.000000000), (0.000002513, 0.000000000), (0.000002378, 0.000000000), (0.000002737, 0.000000000), (0.000002261, 0.000000000), (0.000003085, 0.000000000), (0.000001992, 0.000000000), (0.000002470, 0.000000000), (0.000002137, 0.000000000), (0.000003654, 0.000000000), (0.000002678, 0.000000000), (0.000003553, 0.000000000), (0.000002632, 0.000000000), (0.000003324, 0.000000000), (0.000002010, 0.000000000), (0.000002918, 0.000000000), (0.000002126, 0.000000000), (0.000002511, 0.000000000), (0.000002074, 0.000000000), (0.000002420, 0.000000000), (0.000002048, 0.000000000), (0.000002263, 0.000000000), (0.000002341, 0.000000000), (0.000002616, 0.000000000), (0.000002262, 0.000000000), (0.000003048, 0.000000000), (0.000002357, 0.000000000), (0.000002584, 0.000000000), (0.000002062, 0.000000000), (0.000002446, 0.000000000), (0.000002045, 0.000000000), (0.000002306, 0.000000000), (0.000001953, 0.000000000), (0.000002212, 0.000000000), (0.000002395, 0.000000000), (0.000003254, 0.000000000), (0.000002188, 0.000000000), (0.000002690, 0.000000000), (0.000002082, 0.000000000), (0.000002407, 0.000000000), (0.000002014, 0.000000000), (0.000002163, 0.000000000), (0.000001994, 0.000000000), (0.000002164, 0.000000000), (0.000002017, 0.000000000), (0.000002838, 0.000000000), (0.000001940, 0.000000000), (0.000002421, 0.000000000), (0.000001972, 0.000000000), (0.000002349, 0.000000000), (0.000001932, 0.000000000), (0.000002229, 0.000000000), (0.000001932, 0.000000000), (0.000002137, 0.000000000), (0.000001952, 0.000000000), (0.000002844, 0.000000000), (0.000001946, 0.000000000), (0.000002475, 0.000000000), (0.000001983, 0.000000000), (0.000002238, 0.000000000), (0.000001907, 0.000000000), (0.000002197, 0.000000000), (0.000002008, 0.000000000), (0.000002206, 0.000000000), (0.000001978, 0.000000000), (0.000002785, 0.000000000), (0.000001934, 0.000000000), (0.000002534, 0.000000000), (0.000002002, 0.000000000), (0.000002222, 0.000000000), (0.000001920, 0.000000000), (0.000002164, 0.000000000), (0.000001948, 0.000000000), (0.000002133, 0.000000000), (0.000002198, 0.000000000), (0.000003140, 0.000000000), (0.000002199, 0.000000000), (0.000003138, 0.000000000), (0.000002458, 0.000000000), (0.000002947, 0.000000000), (0.000002536, 0.000000000), (0.000002673, 0.000000000), (0.000002439, 0.000000000), (0.000002469, 0.000000000), (0.000002401, 0.000000000), (0.000003397, 0.000000000), (0.000002377, 0.000000000), (0.000002656, 0.000000000), (0.000002522, 0.000000000), (0.000002547, 0.000000000), (0.000002118, 0.000000000), (0.000002316, 0.000000000), (0.000001975, 0.000000000), (0.000002202, 0.000000000)],
"worst_35":[(0.000002219, 0.000000000), (0.000003408, 0.000000000), (0.000002519, 0.000000000), (0.000003219, 0.000000000), (0.000002573, 0.000000000), (0.000003318, 0.000000000), (0.000002612, 0.000000000), (0.000003344, 0.000000000), (0.000002759, 0.000000000), (0.000002819, 0.000000000), (0.000002169, 0.000000000), (0.000003221, 0.000000000), (0.000002146, 0.000000000), (0.000002773, 0.000000000), (0.000002245, 0.000000000), (0.000002857, 0.000000000), (0.000002336, 0.000000000), (0.000002605, 0.000000000), (0.000002186, 0.000000000), (0.000002478, 0.000000000), (0.000002257, 0.000000000), (0.000003405, 0.000000000), (0.000002171, 0.000000000), (0.000002836, 0.000000000), (0.000002272, 0.000000000), (0.000002901, 0.000000000), (0.000002386, 0.000000000), (0.000002763, 0.000000000), (0.000002304, 0.000000000), (0.000002605, 0.000000000), (0.000002640, 0.000000000), (0.000003673, 0.000000000), (0.000002346, 0.000000000), (0.000002832, 0.000000000), (0.000002176, 0.000000000), (0.000002731, 0.000000000), (0.000002173, 0.000000000), (0.000002618, 0.000000000), (0.000002220, 0.000000000), (0.000002486, 0.000000000), (0.000002506, 0.000000000), (0.000003750, 0.000000000), (0.000002419, 0.000000000), (0.000003227, 0.000000000), (0.000002489, 0.000000000), (0.000002940, 0.000000000), (0.000002447, 0.000000000), (0.000002795, 0.000000000), (0.000002509, 0.000000000), (0.000003000, 0.000000000), (0.000002343, 0.000000000), (0.000003845, 0.000000000), (0.000002706, 0.000000000), (0.000003178, 0.000000000), (0.000002567, 0.000000000), (0.000003139, 0.000000000), (0.000002499, 0.000000000), (0.000002837, 0.000000000), (0.000002547, 0.000000000), (0.000002841, 0.000000000), (0.000002187, 0.000000000), (0.000003200, 0.000000000), (0.000002250, 0.000000000), (0.000002745, 0.000000000), (0.000002180, 0.000000000), (0.000002614, 0.000000000), (0.000002214, 0.000000000), (0.000002578, 0.000000000), (0.000002234, 0.000000000), (0.000002549, 0.000000000), (0.000002600, 0.000000000), (0.000003810, 0.000000000), (0.000002659, 0.000000000), (0.000003191, 0.000000000), (0.000002570, 0.000000000), (0.000002835, 0.000000000), (0.000002244, 0.000000000), (0.000002578, 0.000000000), (0.000002243, 0.000000000), (0.000002487, 0.000000000), (0.000002105, 0.000000000), (0.000003255, 0.000000000), (0.000002279, 0.000000000), (0.000002772, 0.000000000), (0.000002089, 0.000000000), (0.000002526, 0.000000000), (0.000002090, 0.000000000), (0.000002477, 0.000000000), (0.000002116, 0.000000000), (0.000002423, 0.000000000), (0.000002097, 0.000000000), (0.000003263, 0.000000000), (0.000002109, 0.000000000), (0.000002694, 0.000000000), (0.000002262, 0.000000000), (0.000002545, 0.000000000), (0.000002202, 0.000000000), (0.000002743, 0.000000000), (0.000002109, 0.000000000), (0.000002547, 0.000000000)],
