"best_15":[(0.000000523, 31.411200000), (0.000000458, 0.000000000), (0.000000510, 31.420800000), (0.000000451, 0.000000000), (0.000000583, 31.420800000), (0.000000453, 0.000000000), (0.000000545, 31.308800000), (0.000000738, 0.000000000), (0.000000722, 31.270400000), (0.000000481, 0.000000000), (0.000000514, 31.411200000), (0.000000483, 0.000000000), (0.000000521, 31.420800000), (0.000000455, 0.000000000), (0.000000545, 31.420800000), (0.000000464, 0.000000000), (0.000000565, 31.308800000), (0.000000472, 0.000000000), (0.000000581, 31.270400000), (0.000000496, 0.000000000), (0.000000511, 31.411200000), (0.000000441, 0.000000000), (0.000000533, 31.420800000), (0.000000456, 0.000000000), (0.000000589, 31.420800000), (0.000000569, 0.000000000), (0.000000693, 31.308800000), (0.000000603, 0.000000000), (0.000000760, 31.270400000), (0.000000646, 0.000000000), (0.000000589, 31.411200000), (0.000000507, 0.000000000), (0.000000743, 31.420800000), (0.000000500, 0.000000000), (0.000000577, 31.420800000), (0.000000521, 0.000000000), (0.000000587, 31.308800000), (0.000000526, 0.000000000), (0.000000607, 31.270400000), (0.000000510, 0.000000000), (0.000000516, 31.411200000), (0.000000438, 0.000000000), (0.000000607, 31.420800000), (0.000000471, 0.000000000), (0.000000593, 31.420800000), (0.000000503, 0.000000000), (0.000000615, 31.308800000), (0.000000468, 0.000000000), (0.000000571, 31.270400000), (0.000000578, 0.000000000), (0.000000531, 31.411200000), (0.000000474, 0.000000000), (0.000000613, 31.420800000), (0.000000494, 0.000000000), (0.000000654, 31.420800000), (0.000000561, 0.000000000), (0.000000569, 31.308800000), (0.000000473, 0.000000000), (0.000000645, 31.270400000), (0.000000499, 0.000000000), (0.000000561, 31.411200000), (0.000000507, 0.000000000), (0.000000643, 31.420800000), (0.000000557, 0.000000000), (0.000000750, 31.420800000), (0.000000591, 0.000000000), (0.000000688, 31.308800000), (0.000000639, 0.000000000), (0.000000584, 31.270400000), (0.000000562, 0.000000000), (0.000000581, 31.411200000), (0.000000441, 0.000000000), (0.000000620, 31.420800000), (0.000000474, 0.000000000), (0.000000674, 31.420800000), (0.000000473, 0.000000000), (0.000000574, 31.308800000), (0.000000561, 0.000000000), (0.000000579, 31.270400000), (0.000000512, 0.000000000), (0.000000541, 31.411200000), (0.000000455, 0.000000000), (0.000000636, 31.420800000), (0.000000486, 0.000000000), (0.000000628, 31.420800000), (0.000000493, 0.000000000), (0.000000595, 31.308800000), (0.000000478, 0.000000000), (0.000000569, 31.270400000), (0.000000481, 0.000000000), (0.000000542, 31.411200000), (0.000000460, 0.000000000), (0.000000541, 31.420800000), (0.000000466, 0.000000000), (0.000000609, 31.420800000), (0.000000474, 0.000000000), (0.000000587, 31.308800000), (0.000000499, 0.000000000), (0.000000641, 31.270400000), (0.000000486, 0.000000000)],
"best_16":[(0.000000623, 31.452800000), (0.000000497, 0.000000000), (0.000000594, 31.545600000), (0.000000548, 0.000000000), (0.000000654, 31.404800000), (0.000000569, 0.000000000), (0.000000651, 31.372800000), (0.000000630, 0.000000000), (0.000000715, 31.401600000), (0.000000582, 0.000000000), (0.000000623, 31.452800000), (0.000000499, 0.000000000), (0.000000810, 31.545600000), (0.000000573, 0.000000000), (0.000000636, 31.404800000), (0.000000544, 0.000000000), (0.000000685, 31.372800000), (0.000000550, 0.000000000), (0.000000892, 31.401600000), (0.000000575, 0.000000000), (0.000000637, 31.452800000), (0.000000518, 0.000000000), (0.000000691, 31.545600000), (0.000000525, 0.000000000), (0.000000699, 31.404800000), (0.000000547, 0.000000000), (0.000000640, 31.372800000), (0.000000596, 0.000000000), (0.000000656, 31.401600000), (0.000000647, 0.000000000), (0.000000611, 31.452800000), (0.000000557, 0.000000000), (0.000000610, 31.545600000), (0.000000560, 0.000000000), (0.000000639, 31.404800000), (0.000000549, 0.000000000), (0.000000733, 31.372800000), (0.000000534, 0.000000000), (0.000000733, 31.401600000), (0.000000556, 0.000000000), (0.000000686, 31.452800000), (0.000000513, 0.000000000), (0.000000612, 31.545600000), (0.000000500, 0.000000000), (0.000000618, 31.404800000), (0.000000623, 0.000000000), (0.000000630, 31.372800000), (0.000000614, 0.000000000), (0.000000676, 31.401600000), (0.000000579, 0.000000000), (0.000000640, 31.452800000), (0.000000641, 0.000000000), (0.000000785, 31.545600000), (0.000000547, 0.000000000), (0.000000846, 31.404800000), (0.000000554, 0.000000000), (0.000000671, 31.372800000), (0.000000736, 0.000000000), (0.000000670, 31.401600000), (0.000000614, 0.000000000), (0.000000661, 31.452800000), (0.000000582, 0.000000000), (0.000000627, 31.545600000), (0.000000528, 0.000000000), (0.000000708, 31.404800000), (0.000000545, 0.000000000), (0.000000746, 31.372800000), (0.000000556, 0.000000000), (0.000000671, 31.401600000), (0.000000697, 0.000000000), (0.000000632, 31.452800000), (0.000000538, 0.000000000), (0.000000643, 31.545600000), (0.000000571, 0.000000000), (0.000000622, 31.404800000), (0.000000547, 0.000000000), (0.000000757, 31.372800000), (0.000000558, 0.000000000), (0.000000695, 31.401600000), (0.000000563, 0.000000000), (0.000000630, 31.452800000), (0.000000591, 0.000000000), (0.000000707, 31.545600000), (0.000000515, 0.000000000), (0.000000726, 31.404800000), (0.000000564, 0.000000000), (0.000000644, 31.372800000), (0.000000611, 0.000000000), (0.000000667, 31.401600000), (0.000000689, 0.000000000), (0.000000646, 31.452800000), (0.000000535, 0.000000000), (0.000000800, 31.545600000), (0.000000670, 0.000000000), (0.000000783, 31.404800000), (0.000000668, 0.000000000), (0.000000690, 31.372800000), (0.000000602, 0.000000000), (0.000000694, 31.401600000), (0.000000589, 0.000000000)],
"best_17":[(0.000000726, 31.491200000), (0.000000628, 0.000000000), (0.000000831, 31.414400000), (0.000000636, 0.000000000), (0.000000770, 31.481600000), (0.000000637, 0.000000000), (0.000000769, 31.465600000), (0.000000647, 0.000000000), (0.000000829, 31.488000000), (0.000000719, 0.000000000), (0.000000754, 31.491200000), (0.000000615, 0.000000000), (0.000000814, 31.414400000), (0.000000637, 0.000000000), (0.000000764, 31.481600000), (0.000000659, 0.000000000), (0.000000796, 31.465600000), (0.000000671, 0.000000000), (0.000000824, 31.488000000), (0.000000708, 0.000000000), (0.000000770, 31.491200000), (0.000000616, 0.000000000), (0.000000770, 31.414400000), (0.000000675, 0.000000000), (0.000000925, 31.481600000), (0.000000668, 0.000000000), (0.000000812, 31.465600000), (0.000000761, 0.000000000), (0.000000797, 31.488000000), (0.000000692, 0.000000000), (0.000000765, 31.491200000), (0.000000620, 0.000000000), (0.000000784, 31.414400000), (0.000000648, 0.000000000), (0.000000851, 31.481600000), (0.000000654, 0.000000000), (0.000000830, 31.465600000), (0.000000779, 0.000000000), (0.000000790, 31.488000000), (0.000000699, 0.000000000), (0.000000794, 31.491200000), (0.000000626, 0.000000000), (0.000000785, 31.414400000), (0.000000747, 0.000000000), (0.000000821, 31.481600000), (0.000000650, 0.000000000), (0.000000797, 31.465600000), (0.000000783, 0.000000000), (0.000000799, 31.488000000), (0.000000695, 0.000000000), (0.000000834, 31.491200000), (0.000000752, 0.000000000), (0.000000769, 31.414400000), (0.000000633, 0.000000000), (0.000000829, 31.481600000), (0.000000670, 0.000000000), (0.000000800, 31.465600000), (0.000000688, 0.000000000), (0.000000822, 31.488000000), (0.000000687, 0.000000000), (0.000000778, 31.491200000), (0.000000670, 0.000000000), (0.000000761, 31.414400000), (0.000000659, 0.000000000), (0.000000843, 31.481600000), (0.000000667, 0.000000000), (0.000000820, 31.465600000), (0.000000682, 0.000000000), (0.000000829, 31.488000000), (0.000000674, 0.000000000), (0.000000747, 31.491200000), (0.000000655, 0.000000000), (0.000000797, 31.414400000), (0.000000653, 0.000000000), (0.000000771, 31.481600000), (0.000000723, 0.000000000), (0.000000883, 31.465600000), (0.000000665, 0.000000000), (0.000000827, 31.488000000), (0.000000740, 0.000000000), (0.000000792, 31.491200000), (0.000000650, 0.000000000), (0.000000779, 31.414400000), (0.000000644, 0.000000000), (0.000000803, 31.481600000), (0.000000698, 0.000000000), (0.000000844, 31.465600000), (0.000000670, 0.000000000), (0.000000796, 31.488000000), (0.000000756, 0.000000000), (0.000000783, 31.491200000), (0.000000636, 0.000000000), (0.000000772, 31.414400000), (0.000000680, 0.000000000), (0.000000804, 31.481600000), (0.000000664, 0.000000000), (0.000000834, 31.465600000), (0.000000658, 0.000000000), (0.000000807, 31.488000000), (0.000000750, 0.000000000)],
"best_18":[(0.000000913, 31.539200000), (0.000000733, 0.000000000), (0.000000962, 31.430400000), (0.000000757, 0.000000000), (0.000001082, 31.536000000), (0.000000775, 0.000000000), (0.000000997, 31.497600000), (0.000000803, 0.000000000), (0.000001048, 31.478400000), (0.000000813, 0.000000000), (0.000000954, 31.539200000), (0.000000765, 0.000000000), (0.000000946, 31.430400000), (0.000000778, 0.000000000), (0.000000942, 31.536000000), (0.000000777, 0.000000000), (0.000000945, 31.497600000), (0.000000823, 0.000000000), (0.000000973, 31.478400000), (0.000000801, 0.000000000), (0.000000964, 31.539200000), (0.000000767, 0.000000000), (0.000000973, 31.430400000), (0.000000736, 0.000000000), (0.000000932, 31.536000000), (0.000000757, 0.000000000), (0.000000974, 31.497600000), (0.000000776, 0.000000000), (0.000000948, 31.478400000), (0.000000828, 0.000000000), (0.000000881, 31.539200000), (0.000000702, 0.000000000), (0.000000939, 31.430400000), (0.000000787, 0.000000000), (0.000000997, 31.536000000), (0.000000768, 0.000000000), (0.000000950, 31.497600000), (0.000000773, 0.000000000), (0.000000969, 31.478400000), (0.000000818, 0.000000000), (0.000000927, 31.539200000), (0.000000719, 0.000000000), (0.000000972, 31.430400000), (0.000000766, 0.000000000), (0.000000953, 31.536000000), (0.000000765, 0.000000000), (0.000000963, 31.497600000), (0.000001050, 0.000000000), (0.000001172, 31.478400000), (0.000001043, 0.000000000), (0.000001016, 31.539200000), (0.000000789, 0.000000000), (0.000000972, 31.430400000), (0.000000774, 0.000000000), (0.000001073, 31.536000000), (0.000000758, 0.000000000), (0.000000988, 31.497600000), (0.000000795, 0.000000000), (0.000001081, 31.478400000), (0.000000843, 0.000000000), (0.000000963, 31.539200000), (0.000000756, 0.000000000), (0.000000940, 31.430400000), (0.000000780, 0.000000000), (0.000000984, 31.536000000), (0.000000770, 0.000000000), (0.000000952, 31.497600000), (0.000000817, 0.000000000), (0.000000969, 31.478400000), (0.000000951, 0.000000000), (0.000000935, 31.539200000), (0.000000742, 0.000000000), (0.000000953, 31.430400000), (0.000000826, 0.000000000), (0.000000993, 31.536000000), (0.000000771, 0.000000000), (0.000000962, 31.497600000), (0.000000796, 0.000000000), (0.000000976, 31.478400000), (0.000000884, 0.000000000), (0.000000945, 31.539200000), (0.000000734, 0.000000000), (0.000000983, 31.430400000), (0.000000765, 0.000000000), (0.000000990, 31.536000000), (0.000000761, 0.000000000), (0.000000955, 31.497600000), (0.000000826, 0.000000000), (0.000000969, 31.478400000), (0.000000789, 0.000000000), (0.000000985, 31.539200000), (0.000000793, 0.000000000), (0.000000946, 31.430400000), (0.000000736, 0.000000000), (0.000000954, 31.536000000), (0.000000803, 0.000000000), (0.000000977, 31.497600000), (0.000000848, 0.000000000), (0.000000956, 31.478400000), (0.000000790, 0.000000000)],
"best_19":[(0.000001274, 31.468800000), (0.000000977, 0.000000000), (0.000001124, 31.504000000), (0.000000916, 0.000000000), (0.000001084, 31.523200000), (0.000000878, 0.000000000), (0.000001112, 31.510400000), (0.000000913, 0.000000000), (0.000001187, 31.494400000), (0.000000898, 0.000000000), (0.000001102, 31.468800000), (0.000000825, 0.000000000), (0.000001094, 31.504000000), (0.000000851, 0.000000000), (0.000001249, 31.523200000), (0.000000905, 0.000000000), (0.000001111, 31.510400000), (0.000000926, 0.000000000), (0.000001143, 31.494400000), (0.000000891, 0.000000000), (0.000001148, 31.468800000), (0.000000863, 0.000000000), (0.000001122, 31.504000000), (0.000000862, 0.000000000), (0.000001154, 31.523200000), (0.000000889, 0.000000000), (0.000001146, 31.510400000), (0.000000936, 0.000000000), (0.000001136, 31.494400000), (0.000000907, 0.000000000), (0.000001151, 31.468800000), (0.000000885, 0.000000000), (0.000001115, 31.504000000), (0.000000846, 0.000000000), (0.000001163, 31.523200000), (0.000000879, 0.000000000), (0.000001105, 31.510400000), (0.000000891, 0.000000000), (0.000001175, 31.494400000), (0.000000888, 0.000000000), (0.000001105, 31.468800000), (0.000000829, 0.000000000), (0.000001120, 31.504000000), (0.000000852, 0.000000000), (0.000001192, 31.523200000), (0.000000877, 0.000000000), (0.000001118, 31.510400000), (0.000000910, 0.000000000), (0.000001179, 31.494400000), (0.000000896, 0.000000000), (0.000001174, 31.468800000), (0.000000881, 0.000000000), (0.000001085, 31.504000000), (0.000000850, 0.000000000), (0.000001181, 31.523200000), (0.000000889, 0.000000000), (0.000001123, 31.510400000), (0.000000918, 0.000000000), (0.000001177, 31.494400000), (0.000000891, 0.000000000), (0.000001097, 31.468800000), (0.000000834, 0.000000000), (0.000001111, 31.504000000), (0.000000855, 0.000000000), (0.000001201, 31.523200000), (0.000000875, 0.000000000), (0.000001123, 31.510400000), (0.000000892, 0.000000000), (0.000001115, 31.494400000), (0.000000902, 0.000000000), (0.000001324, 31.468800000), (0.000001019, 0.000000000), (0.000001305, 31.504000000), (0.000000857, 0.000000000), (0.000001107, 31.523200000), (0.000000870, 0.000000000), (0.000001099, 31.510400000), (0.000000896, 0.000000000), (0.000001129, 31.494400000), (0.000000899, 0.000000000), (0.000001127, 31.468800000), (0.000000844, 0.000000000), (0.000001152, 31.504000000), (0.000000855, 0.000000000), (0.000001092, 31.523200000), (0.000000851, 0.000000000), (0.000001120, 31.510400000), (0.000000945, 0.000000000), (0.000001191, 31.494400000), (0.000000891, 0.000000000), (0.000001179, 31.468800000), (0.000000895, 0.000000000), (0.000001122, 31.504000000), (0.000000854, 0.000000000), (0.000001102, 31.523200000), (0.000000881, 0.000000000), (0.000001103, 31.510400000), (0.000000895, 0.000000000), (0.000001125, 31.494400000), (0.000000913, 0.000000000)],
"best_20":[(0.000001250, 31.468800000), (0.000000977, 0.000000000), (0.000001286, 31.379200000), (0.000000972, 0.000000000), (0.000001356, 31.539200000), (0.000001011, 0.000000000), (0.000001288, 31.443200000), (0.000001039, 0.000000000), (0.000001252, 31.536000000), (0.000000992, 0.000000000), (0.000001312, 31.468800000), (0.000000962, 0.000000000), (0.000001295, 31.379200000), (0.000001101, 0.000000000), (0.000001300, 31.539200000), (0.000000974, 0.000000000), (0.000001363, 31.443200000), (0.000001004, 0.000000000), (0.000001277, 31.536000000), (0.000000994, 0.000000000), (0.000001382, 31.468800000), (0.000000996, 0.000000000), (0.000001273, 31.379200000), (0.000000954, 0.000000000), (0.000001273, 31.539200000), (0.000001002, 0.000000000), (0.000001271, 31.443200000), (0.000001001, 0.000000000), (0.000001273, 31.536000000), (0.000001032, 0.000000000), (0.000001229, 31.468800000), (0.000000984, 0.000000000), (0.000001361, 31.379200000), (0.000000961, 0.000000000), (0.000001252, 31.539200000), (0.000000988, 0.000000000), (0.000001251, 31.443200000), (0.000000978, 0.000000000), (0.000001238, 31.536000000), (0.000001000, 0.000000000), (0.000001243, 31.468800000), (0.000000951, 0.000000000), (0.000001280, 31.379200000), (0.000000963, 0.000000000), (0.000001258, 31.539200000), (0.000000973, 0.000000000), (0.000001242, 31.443200000), (0.000000996, 0.000000000), (0.000001237, 31.536000000), (0.000000998, 0.000000000), (0.000001338, 31.468800000), (0.000001020, 0.000000000), (0.000001331, 31.379200000), (0.000000983, 0.000000000), (0.000001249, 31.539200000), (0.000001053, 0.000000000), (0.000001261, 31.443200000), (0.000001087, 0.000000000), (0.000001237, 31.536000000), (0.000001008, 0.000000000), (0.000001429, 31.468800000), (0.000000994, 0.000000000), (0.000001278, 31.379200000), (0.000000966, 0.000000000), (0.000001427, 31.539200000), (0.000001191, 0.000000000), (0.000001386, 31.443200000), (0.000001101, 0.000000000), (0.000001373, 31.536000000), (0.000001005, 0.000000000), (0.000001390, 31.468800000), (0.000000953, 0.000000000), (0.000001291, 31.379200000), (0.000000965, 0.000000000), (0.000001311, 31.539200000), (0.000001076, 0.000000000), (0.000001235, 31.443200000), (0.000000994, 0.000000000), (0.000001341, 31.536000000), (0.000001023, 0.000000000), (0.000001254, 31.468800000), (0.000000958, 0.000000000), (0.000001283, 31.379200000), (0.000001005, 0.000000000), (0.000001238, 31.539200000), (0.000001052, 0.000000000), (0.000001358, 31.443200000), (0.000001043, 0.000000000), (0.000001245, 31.536000000), (0.000001025, 0.000000000), (0.000001273, 31.468800000), (0.000000956, 0.000000000), (0.000001455, 31.379200000), (0.000001047, 0.000000000), (0.000001258, 31.539200000), (0.000000968, 0.000000000), (0.000001242, 31.443200000), (0.000000978, 0.000000000), (0.000001228, 31.536000000), (0.000000983, 0.000000000)],
"best_21":[(0.000001570, 31.507200000), (0.000001187, 0.000000000), (0.000001540, 31.484800000), (0.000001216, 0.000000000), (0.000001529, 31.491200000), (0.000001226, 0.000000000), (0.000001539, 31.513600000), (0.000001234, 0.000000000), (0.000001535, 31.456000000), (0.000001215, 0.000000000), (0.000001572, 31.507200000), (0.000001222, 0.000000000), (0.000001455, 31.484800000), (0.000001214, 0.000000000), (0.000001447, 31.491200000), (0.000001137, 0.000000000), (0.000001490, 31.513600000), (0.000001122, 0.000000000), (0.000001427, 31.456000000), (0.000001130, 0.000000000), (0.000001489, 31.507200000), (0.000001094, 0.000000000), (0.000001491, 31.484800000), (0.000001125, 0.000000000), (0.000001459, 31.491200000), (0.000001127, 0.000000000), (0.000001476, 31.513600000), (0.000001130, 0.000000000), (0.000001457, 31.456000000), (0.000001201, 0.000000000), (0.000001562, 31.507200000), (0.000001157, 0.000000000), (0.000001486, 31.484800000), (0.000001156, 0.000000000), (0.000001466, 31.491200000), (0.000001249, 0.000000000), (0.000001457, 31.513600000), (0.000001114, 0.000000000), (0.000001403, 31.456000000), (0.000001140, 0.000000000), (0.000001462, 31.507200000), (0.000001104, 0.000000000), (0.000001488, 31.484800000), (0.000001080, 0.000000000), (0.000001453, 31.491200000), (0.000001090, 0.000000000), (0.000001407, 31.513600000), (0.000001089, 0.000000000), (0.000001529, 31.456000000), (0.000001114, 0.000000000), (0.000001472, 31.507200000), (0.000001102, 0.000000000), (0.000001452, 31.484800000), (0.000001074, 0.000000000), (0.000001439, 31.491200000), (0.000001099, 0.000000000), (0.000001565, 31.513600000), (0.000001143, 0.000000000), (0.000001398, 31.456000000), (0.000001129, 0.000000000), (0.000001474, 31.507200000), (0.000001085, 0.000000000), (0.000001555, 31.484800000), (0.000001094, 0.000000000), (0.000001435, 31.491200000), (0.000001105, 0.000000000), (0.000001471, 31.513600000), (0.000001208, 0.000000000), (0.000001421, 31.456000000), (0.000001109, 0.000000000), (0.000001452, 31.507200000), (0.000001124, 0.000000000), (0.000001465, 31.484800000), (0.000001086, 0.000000000), (0.000001439, 31.491200000), (0.000001091, 0.000000000), (0.000001419, 31.513600000), (0.000001108, 0.000000000), (0.000001396, 31.456000000), (0.000001112, 0.000000000), (0.000001500, 31.507200000), (0.000001130, 0.000000000), (0.000001452, 31.484800000), (0.000001095, 0.000000000), (0.000001434, 31.491200000), (0.000001110, 0.000000000), (0.000001415, 31.513600000), (0.000001092, 0.000000000), (0.000001390, 31.456000000), (0.000001132, 0.000000000), (0.000001459, 31.507200000), (0.000001114, 0.000000000), (0.000001478, 31.484800000), (0.000001120, 0.000000000), (0.000001455, 31.491200000), (0.000001219, 0.000000000), (0.000001439, 31.513600000), (0.000001122, 0.000000000), (0.000001416, 31.456000000), (0.000001130, 0.000000000)],
"best_22":[(0.000002064, 31.507200000), (0.000001552, 0.000000000), (0.000001751, 31.484800000), (0.000001456, 0.000000000), (0.000001800, 31.542400000), (0.000001409, 0.000000000), (0.000001847, 31.481600000), (0.000001353, 0.000000000), (0.000001770, 31.468800000), (0.000001339, 0.000000000), (0.000001728, 31.507200000), (0.000001291, 0.000000000), (0.000001707, 31.484800000), (0.000001306, 0.000000000), (0.000001782, 31.542400000), (0.000001286, 0.000000000), (0.000001696, 31.481600000), (0.000001323, 0.000000000), (0.000001669, 31.468800000), (0.000001299, 0.000000000), (0.000001744, 31.507200000), (0.000001318, 0.000000000), (0.000001735, 31.484800000), (0.000001492, 0.000000000), (0.000001833, 31.542400000), (0.000001304, 0.000000000), (0.000001737, 31.481600000), (0.000001309, 0.000000000), (0.000001717, 31.468800000), (0.000001421, 0.000000000), (0.000001734, 31.507200000), (0.000001314, 0.000000000), (0.000001722, 31.484800000), (0.000001361, 0.000000000), (0.000001788, 31.542400000), (0.000001319, 0.000000000), (0.000001725, 31.481600000), (0.000001318, 0.000000000), (0.000001706, 31.468800000), (0.000001349, 0.000000000), (0.000001715, 31.507200000), (0.000001288, 0.000000000), (0.000001801, 31.484800000), (0.000001329, 0.000000000), (0.000001716, 31.542400000), (0.000001310, 0.000000000), (0.000001795, 31.481600000), (0.000001627, 0.000000000), (0.000002027, 31.468800000), (0.000001556, 0.000000000), (0.000001773, 31.507200000), (0.000001346, 0.000000000), (0.000001762, 31.484800000), (0.000001359, 0.000000000), (0.000001835, 31.542400000), (0.000001339, 0.000000000), (0.000001738, 31.481600000), (0.000001391, 0.000000000), (0.000001689, 31.468800000), (0.000001348, 0.000000000), (0.000001739, 31.507200000), (0.000001287, 0.000000000), (0.000001797, 31.484800000), (0.000001465, 0.000000000), (0.000001790, 31.542400000), (0.000001334, 0.000000000), (0.000001783, 31.481600000), (0.000001327, 0.000000000), (0.000001705, 31.468800000), (0.000001378, 0.000000000), (0.000001689, 31.507200000), (0.000001335, 0.000000000), (0.000001729, 31.484800000), (0.000001387, 0.000000000), (0.000001836, 31.542400000), (0.000001380, 0.000000000), (0.000001756, 31.481600000), (0.000001339, 0.000000000), (0.000001694, 31.468800000), (0.000001342, 0.000000000), (0.000001729, 31.507200000), (0.000001401, 0.000000000), (0.000001748, 31.484800000), (0.000001337, 0.000000000), (0.000001821, 31.542400000), (0.000001327, 0.000000000), (0.000001686, 31.481600000), (0.000001388, 0.000000000), (0.000001746, 31.468800000), (0.000001370, 0.000000000), (0.000001719, 31.507200000), (0.000001351, 0.000000000), (0.000001751, 31.484800000), (0.000001333, 0.000000000), (0.000001796, 31.542400000), (0.000001330, 0.000000000), (0.000001785, 31.481600000), (0.000001335, 0.000000000), (0.000001695, 31.468800000), (0.000001517, 0.000000000)],
"best_23":[(0.000002064, 31.494400000), (0.000001612, 0.000000000), (0.000002136, 31.459200000), (0.000001560, 0.000000000), (0.000002129, 31.420800000), (0.000001539, 0.000000000), (0.000002096, 31.532800000), (0.000001562, 0.000000000), (0.000002090, 31.446400000), (0.000001642, 0.000000000), (0.000002009, 31.494400000), (0.000001545, 0.000000000), (0.000002191, 31.459200000), (0.000001641, 0.000000000), (0.000002047, 31.420800000), (0.000001570, 0.000000000), (0.000002057, 31.532800000), (0.000001544, 0.000000000), (0.000001997, 31.446400000), (0.000001584, 0.000000000), (0.000002045, 31.494400000), (0.000001551, 0.000000000), (0.000002136, 31.459200000), (0.000001559, 0.000000000), (0.000002107, 31.420800000), (0.000001576, 0.000000000), (0.000002145, 31.532800000), (0.000001640, 0.000000000), (0.000002086, 31.446400000), (0.000001591, 0.000000000), (0.000002006, 31.494400000), (0.000001551, 0.000000000), (0.000002102, 31.459200000), (0.000001541, 0.000000000), (0.000002094, 31.420800000), (0.000001583, 0.000000000), (0.000002047, 31.532800000), (0.000001649, 0.000000000), (0.000002122, 31.446400000), (0.000001633, 0.000000000), (0.000002135, 31.494400000), (0.000001542, 0.000000000), (0.000002153, 31.459200000), (0.000001544, 0.000000000), (0.000002050, 31.420800000), (0.000001769, 0.000000000), (0.000002376, 31.532800000), (0.000001816, 0.000000000), (0.000002274, 31.446400000), (0.000001529, 0.000000000), (0.000002014, 31.494400000), (0.000001625, 0.000000000), (0.000002123, 31.459200000), (0.000001571, 0.000000000), (0.000002087, 31.420800000), (0.000001576, 0.000000000), (0.000002098, 31.532800000), (0.000001568, 0.000000000), (0.000002020, 31.446400000), (0.000001568, 0.000000000), (0.000002023, 31.494400000), (0.000001542, 0.000000000), (0.000002153, 31.459200000), (0.000001537, 0.000000000), (0.000002107, 31.420800000), (0.000001547, 0.000000000), (0.000002042, 31.532800000), (0.000001538, 0.000000000), (0.000002189, 31.446400000), (0.000001582, 0.000000000), (0.000002079, 31.494400000), (0.000001526, 0.000000000), (0.000002158, 31.459200000), (0.000001564, 0.000000000), (0.000002161, 31.420800000), (0.000001528, 0.000000000), (0.000002038, 31.532800000), (0.000001649, 0.000000000), (0.000002011, 31.446400000), (0.000001522, 0.000000000), (0.000002008, 31.494400000), (0.000001589, 0.000000000), (0.000002140, 31.459200000), (0.000001551, 0.000000000), (0.000002064, 31.420800000), (0.000001521, 0.000000000), (0.000002027, 31.532800000), (0.000001541, 0.000000000), (0.000002015, 31.446400000), (0.000001549, 0.000000000), (0.000002045, 31.494400000), (0.000001548, 0.000000000), (0.000002083, 31.459200000), (0.000001525, 0.000000000), (0.000002023, 31.420800000), (0.000001518, 0.000000000), (0.000002025, 31.532800000), (0.000001519, 0.000000000), (0.000002012, 31.446400000), (0.000001637, 0.000000000)],
"best_24":[(0.000002407, 31.472000000), (0.000001872, 0.000000000), (0.000002429, 31.459200000), (0.000001787, 0.000000000), (0.000002401, 31.526400000), (0.000001930, 0.000000000), (0.000002491, 31.456000000), (0.000001885, 0.000000000), (0.000002479, 31.577600000), (0.000001889, 0.000000000), (0.000002436, 31.472000000), (0.000001788, 0.000000000), (0.000002482, 31.459200000), (0.000001781, 0.000000000), (0.000002484, 31.526400000), (0.000001849, 0.000000000), (0.000002360, 31.456000000), (0.000001873, 0.000000000), (0.000002410, 31.577600000), (0.000001826, 0.000000000), (0.000002277, 31.472000000), (0.000001780, 0.000000000), (0.000002430, 31.459200000), (0.000001758, 0.000000000), (0.000002434, 31.526400000), (0.000001748, 0.000000000), (0.000002382, 31.456000000), (0.000001783, 0.000000000), (0.000002408, 31.577600000), (0.000001770, 0.000000000), (0.000002288, 31.472000000), (0.000001774, 0.000000000), (0.000002504, 31.459200000), (0.000001796, 0.000000000), (0.000002386, 31.526400000), (0.000001770, 0.000000000), (0.000002399, 31.456000000), (0.000001769, 0.000000000), (0.000002443, 31.577600000), (0.000001854, 0.000000000), (0.000002340, 31.472000000), (0.000001765, 0.000000000), (0.000002397, 31.459200000), (0.000001794, 0.000000000), (0.000002699, 31.526400000), (0.000001956, 0.000000000), (0.000002559, 31.456000000), (0.000001786, 0.000000000), (0.000002390, 31.577600000), (0.000001773, 0.000000000), (0.000002271, 31.472000000), (0.000001789, 0.000000000), (0.000002378, 31.459200000), (0.000001747, 0.000000000), (0.000002370, 31.526400000), (0.000001768, 0.000000000), (0.000002460, 31.456000000), (0.000001902, 0.000000000), (0.000002423, 31.577600000), (0.000001755, 0.000000000), (0.000002326, 31.472000000), (0.000001911, 0.000000000), (0.000002449, 31.459200000), (0.000001778, 0.000000000), (0.000002408, 31.526400000), (0.000001782, 0.000000000), (0.000002407, 31.456000000), (0.000001792, 0.000000000), (0.000002407, 31.577600000), (0.000001790, 0.000000000), (0.000002333, 31.472000000), (0.000001787, 0.000000000), (0.000002464, 31.459200000), (0.000001782, 0.000000000), (0.000002461, 31.526400000), (0.000001861, 0.000000000), (0.000002417, 31.456000000), (0.000001840, 0.000000000), (0.000002425, 31.577600000), (0.000001795, 0.000000000), (0.000002444, 31.472000000), (0.000001837, 0.000000000), (0.000002475, 31.459200000), (0.000001853, 0.000000000), (0.000002449, 31.526400000), (0.000001811, 0.000000000), (0.000002489, 31.456000000), (0.000001817, 0.000000000), (0.000002422, 31.577600000), (0.000001794, 0.000000000), (0.000002405, 31.472000000), (0.000001797, 0.000000000), (0.000002440, 31.459200000), (0.000001772, 0.000000000), (0.000002458, 31.526400000), (0.000001833, 0.000000000), (0.000002413, 31.456000000), (0.000001798, 0.000000000), (0.000002402, 31.577600000), (0.000001840, 0.000000000)],
"best_25":[(0.000002765, 31.561600000), (0.000002159, 0.000000000), (0.000002876, 31.481600000), (0.000002051, 0.000000000), (0.000002825, 31.494400000), (0.000002177, 0.000000000), (0.000002798, 31.475200000), (0.000002104, 0.000000000), (0.000002800, 31.523200000), (0.000002270, 0.000000000), (0.000002762, 31.561600000), (0.000002036, 0.000000000), (0.000002879, 31.481600000), (0.000002036, 0.000000000), (0.000002827, 31.494400000), (0.000002032, 0.000000000), (0.000002730, 31.475200000), (0.000002041, 0.000000000), (0.000002711, 31.523200000), (0.000002037, 0.000000000), (0.000002863, 31.561600000), (0.000002122, 0.000000000), (0.000002836, 31.481600000), (0.000002105, 0.000000000), (0.000002839, 31.494400000), (0.000002035, 0.000000000), (0.000002751, 31.475200000), (0.000002102, 0.000000000), (0.000002741, 31.523200000), (0.000002035, 0.000000000), (0.000002642, 31.561600000), (0.000002021, 0.000000000), (0.000002785, 31.481600000), (0.000002061, 0.000000000), (0.000002748, 31.494400000), (0.000002045, 0.000000000), (0.000002722, 31.475200000), (0.000002011, 0.000000000), (0.000002669, 31.523200000), (0.000002032, 0.000000000), (0.000002591, 31.561600000), (0.000001987, 0.000000000), (0.000002759, 31.481600000), (0.000001999, 0.000000000), (0.000002727, 31.494400000), (0.000002384, 0.000000000), (0.000002924, 31.475200000), (0.000002230, 0.000000000), (0.000002686, 31.523200000), (0.000001993, 0.000000000), (0.000002593, 31.561600000), (0.000002060, 0.000000000), (0.000002729, 31.481600000), (0.000002002, 0.000000000), (0.000002710, 31.494400000), (0.000002035, 0.000000000), (0.000002765, 31.475200000), (0.000001974, 0.000000000), (0.000002744, 31.523200000), (0.000002002, 0.000000000), (0.000002599, 31.561600000), (0.000002041, 0.000000000), (0.000002846, 31.481600000), (0.000001966, 0.000000000), (0.000002663, 31.494400000), (0.000002066, 0.000000000), (0.000002677, 31.475200000), (0.000001965, 0.000000000), (0.000002760, 31.523200000), (0.000001956, 0.000000000), (0.000002658, 31.561600000), (0.000001988, 0.000000000), (0.000002754, 31.481600000), (0.000002053, 0.000000000), (0.000002718, 31.494400000), (0.000001945, 0.000000000), (0.000002701, 31.475200000), (0.000001983, 0.000000000), (0.000002702, 31.523200000), (0.000002022, 0.000000000), (0.000002645, 31.561600000), (0.000002019, 0.000000000), (0.000002818, 31.481600000), (0.000002011, 0.000000000), (0.000002809, 31.494400000), (0.000002051, 0.000000000), (0.000002739, 31.475200000), (0.000001998, 0.000000000), (0.000002731, 31.523200000), (0.000001997, 0.000000000), (0.000002705, 31.561600000), (0.000002032, 0.000000000), (0.000002845, 31.481600000), (0.000002012, 0.000000000), (0.000002847, 31.494400000), (0.000002012, 0.000000000), (0.000002733, 31.475200000), (0.000002015, 0.000000000), (0.000002798, 31.523200000), (0.000002011, 0.000000000)],
"worst_21":[(0.000000541, 31.379200000), (0.000000477, 0.000000000), (0.000000551, 31.392000000), (0.000000480, 0.000000000), (0.000000567, 31.353600000), (0.000000496, 0.000000000), (0.000000572, 31.347200000), (0.000000466, 0.000000000), (0.000000599, 31.292800000), (0.000000509, 0.000000000), (0.000000537, 31.379200000), (0.000000540, 0.000000000), (0.000000553, 31.392000000), (0.000000508, 0.000000000), (0.000000581, 31.353600000), (0.000000544, 0.000000000), (0.000000645, 31.347200000), (0.000000516, 0.000000000), (0.000000631, 31.292800000), (0.000000539, 0.000000000), (0.000000574, 31.379200000), (0.000000542, 0.000000000), (0.000000585, 31.392000000), (0.000000489, 0.000000000), (0.000000563, 31.353600000), (0.000000496, 0.000000000), (0.000000594, 31.347200000), (0.000000511, 0.000000000), (0.000000667, 31.292800000), (0.000000535, 0.000000000), (0.000000572, 31.379200000), (0.000000495, 0.000000000), (0.000000563, 31.392000000), (0.000000495, 0.000000000), (0.000000622, 31.353600000), (0.000000511, 0.000000000), (0.000000624, 31.347200000), (0.000000523, 0.000000000), (0.000000660, 31.292800000), (0.000000528, 0.000000000), (0.000000593, 31.379200000), (0.000000495, 0.000000000), (0.000000582, 31.392000000), (0.000000494, 0.000000000), (0.000000650, 31.353600000), (0.000000514, 0.000000000), (0.000000611, 31.347200000), (0.000000712, 0.000000000), (0.000000643, 31.292800000), (0.000000538, 0.000000000), (0.000000575, 31.379200000), (0.000000500, 0.000000000), (0.000000590, 31.392000000), (0.000000521, 0.000000000), (0.000000606, 31.353600000), (0.000000520, 0.000000000), (0.000000618, 31.347200000), (0.000000553, 0.000000000), (0.000000635, 31.292800000), (0.000000544, 0.000000000), (0.000000586, 31.379200000), (0.000000497, 0.000000000), (0.000000592, 31.392000000), (0.000000614, 0.000000000), (0.000000611, 31.353600000), (0.000000492, 0.000000000), (0.000000583, 31.347200000), (0.000000491, 0.000000000), (0.000000612, 31.292800000), (0.000000519, 0.000000000), (0.000000583, 31.379200000), (0.000000504, 0.000000000), (0.000000591, 31.392000000), (0.000000508, 0.000000000), (0.000000598, 31.353600000), (0.000000525, 0.000000000), (0.000000733, 31.347200000), (0.000000512, 0.000000000), (0.000000671, 31.292800000), (0.000000515, 0.000000000), (0.000000578, 31.379200000), (0.000000505, 0.000000000), (0.000000583, 31.392000000), (0.000000515, 0.000000000), (0.000000601, 31.353600000), (0.000000503, 0.000000000), (0.000000721, 31.347200000), (0.000000600, 0.000000000), (0.000000605, 31.292800000), (0.000000534, 0.000000000), (0.000000598, 31.379200000), (0.000000480, 0.000000000), (0.000000682, 31.392000000), (0.000000503, 0.000000000), (0.000000608, 31.353600000), (0.000000502, 0.000000000), (0.000000652, 31.347200000), (0.000000526, 0.000000000), (0.000000630, 31.292800000), (0.000000588, 0.000000000)],
"worst_22":[(0.000000616, 31.452800000), (0.000000645, 0.000000000), (0.000000615, 31.462400000), (0.000000566, 0.000000000), (0.000000622, 31.427200000), (0.000000549, 0.000000000), (0.000000644, 31.369600000), (0.000000563, 0.000000000), (0.000000743, 31.379200000), (0.000000577, 0.000000000), (0.000000591, 31.452800000), (0.000000537, 0.000000000), (0.000000609, 31.462400000), (0.000000556, 0.000000000), (0.000000629, 31.427200000), (0.000000535, 0.000000000), (0.000000625, 31.369600000), (0.000000543, 0.000000000), (0.000000696, 31.379200000), (0.000000596, 0.000000000), (0.000000662, 31.452800000), (0.000000559, 0.000000000), (0.000000657, 31.462400000), (0.000000544, 0.000000000), (0.000000671, 31.427200000), (0.000000599, 0.000000000), (0.000000664, 31.369600000), (0.000000569, 0.000000000), (0.000000644, 31.379200000), (0.000000577, 0.000000000), (0.000000611, 31.452800000), (0.000000629, 0.000000000), (0.000000657, 31.462400000), (0.000000558, 0.000000000), (0.000000679, 31.427200000), (0.000000574, 0.000000000), (0.000000657, 31.369600000), (0.000000578, 0.000000000), (0.000000667, 31.379200000), (0.000000600, 0.000000000), (0.000000633, 31.452800000), (0.000000600, 0.000000000), (0.000000622, 31.462400000), (0.000000616, 0.000000000), (0.000000624, 31.427200000), (0.000000567, 0.000000000), (0.000000678, 31.369600000), (0.000000581, 0.000000000), (0.000000759, 31.379200000), (0.000000728, 0.000000000), (0.000000640, 31.452800000), (0.000000701, 0.000000000), (0.000000702, 31.462400000), (0.000000812, 0.000000000), (0.000000926, 31.427200000), (0.000000604, 0.000000000), (0.000000716, 31.369600000), (0.000000595, 0.000000000), (0.000000682, 31.379200000), (0.000000593, 0.000000000), (0.000000610, 31.452800000), (0.000000559, 0.000000000), (0.000000663, 31.462400000), (0.000000704, 0.000000000), (0.000000693, 31.427200000), (0.000000554, 0.000000000), (0.000000657, 31.369600000), (0.000000674, 0.000000000), (0.000000678, 31.379200000), (0.000000598, 0.000000000), (0.000000618, 31.452800000), (0.000000567, 0.000000000), (0.000000639, 31.462400000), (0.000000567, 0.000000000), (0.000000765, 31.427200000), (0.000000581, 0.000000000), (0.000000687, 31.369600000), (0.000000598, 0.000000000), (0.000000671, 31.379200000), (0.000000583, 0.000000000), (0.000000619, 31.452800000), (0.000000601, 0.000000000), (0.000000610, 31.462400000), (0.000000556, 0.000000000), (0.000000705, 31.427200000), (0.000000568, 0.000000000), (0.000000647, 31.369600000), (0.000000633, 0.000000000), (0.000000658, 31.379200000), (0.000000575, 0.000000000), (0.000000596, 31.452800000), (0.000000561, 0.000000000), (0.000000618, 31.462400000), (0.000000672, 0.000000000), (0.000000645, 31.427200000), (0.000000563, 0.000000000), (0.000000717, 31.369600000), (0.000000568, 0.000000000), (0.000000683, 31.379200000), (0.000000683, 0.000000000)],
"worst_23":[(0.000000724, 31.424000000), (0.000000648, 0.000000000), (0.000000726, 31.440000000), (0.000000672, 0.000000000), (0.000000730, 31.529600000), (0.000000643, 0.000000000), (0.000000765, 31.478400000), (0.000000651, 0.000000000), (0.000000748, 31.417600000), (0.000000664, 0.000000000), (0.000000703, 31.424000000), (0.000000671, 0.000000000), (0.000000900, 31.440000000), (0.000000648, 0.000000000), (0.000000715, 31.529600000), (0.000000694, 0.000000000), (0.000000731, 31.478400000), (0.000000643, 0.000000000), (0.000000839, 31.417600000), (0.000000649, 0.000000000), (0.000000776, 31.424000000), (0.000000633, 0.000000000), (0.000000725, 31.440000000), (0.000000666, 0.000000000), (0.000000731, 31.529600000), (0.000000652, 0.000000000), (0.000000817, 31.478400000), (0.000000658, 0.000000000), (0.000000762, 31.417600000), (0.000000745, 0.000000000), (0.000000703, 31.424000000), (0.000000685, 0.000000000), (0.000000737, 31.440000000), (0.000000635, 0.000000000), (0.000000783, 31.529600000), (0.000000772, 0.000000000), (0.000000761, 31.478400000), (0.000000641, 0.000000000), (0.000000777, 31.417600000), (0.000000665, 0.000000000), (0.000000714, 31.424000000), (0.000000633, 0.000000000), (0.000000750, 31.440000000), (0.000000620, 0.000000000), (0.000000748, 31.529600000), (0.000000673, 0.000000000), (0.000000809, 31.478400000), (0.000000655, 0.000000000), (0.000000778, 31.417600000), (0.000000686, 0.000000000), (0.000000712, 31.424000000), (0.000000797, 0.000000000), (0.000000899, 31.440000000), (0.000000710, 0.000000000), (0.000000716, 31.529600000), (0.000000724, 0.000000000), (0.000000738, 31.478400000), (0.000000667, 0.000000000), (0.000000835, 31.417600000), (0.000000649, 0.000000000), (0.000000781, 31.424000000), (0.000000731, 0.000000000), (0.000000722, 31.440000000), (0.000000804, 0.000000000), (0.000000876, 31.529600000), (0.000000637, 0.000000000), (0.000000733, 31.478400000), (0.000000666, 0.000000000), (0.000000795, 31.417600000), (0.000000688, 0.000000000), (0.000000779, 31.424000000), (0.000000662, 0.000000000), (0.000000816, 31.440000000), (0.000000706, 0.000000000), (0.000000712, 31.529600000), (0.000000633, 0.000000000), (0.000000867, 31.478400000), (0.000000628, 0.000000000), (0.000000740, 31.417600000), (0.000000733, 0.000000000), (0.000000703, 31.424000000), (0.000000755, 0.000000000), (0.000000693, 31.440000000), (0.000000654, 0.000000000), (0.000000798, 31.529600000), (0.000000669, 0.000000000), (0.000000778, 31.478400000), (0.000000798, 0.000000000), (0.000000761, 31.417600000), (0.000000675, 0.000000000), (0.000000696, 31.424000000), (0.000000664, 0.000000000), (0.000000844, 31.440000000), (0.000000663, 0.000000000), (0.000000784, 31.529600000), (0.000000731, 0.000000000), (0.000000777, 31.478400000), (0.000000677, 0.000000000), (0.000000863, 31.417600000), (0.000000651, 0.000000000)],
"worst_24":[(0.000000873, 31.478400000), (0.000000827, 0.000000000), (0.000000878, 31.475200000), (0.000000794, 0.000000000), (0.000000904, 31.542400000), (0.000000863, 0.000000000), (0.000000998, 31.440000000), (0.000000833, 0.000000000), (0.000000967, 31.446400000), (0.000000906, 0.000000000), (0.000000873, 31.478400000), (0.000000862, 0.000000000), (0.000000915, 31.475200000), (0.000000806, 0.000000000), (0.000000950, 31.542400000), (0.000000793, 0.000000000), (0.000000920, 31.440000000), (0.000000882, 0.000000000), (0.000000928, 31.446400000), (0.000000806, 0.000000000), (0.000000826, 31.478400000), (0.000000861, 0.000000000), (0.000000980, 31.475200000), (0.000000823, 0.000000000), (0.000000910, 31.542400000), (0.000000818, 0.000000000), (0.000001142, 31.440000000), (0.000000974, 0.000000000), (0.000001170, 31.446400000), (0.000001058, 0.000000000), (0.000001091, 31.478400000), (0.000000991, 0.000000000), (0.000000944, 31.475200000), (0.000000829, 0.000000000), (0.000000962, 31.542400000), (0.000000847, 0.000000000), (0.000001044, 31.440000000), (0.000000805, 0.000000000), (0.000001190, 31.446400000), (0.000000829, 0.000000000), (0.000000906, 31.478400000), (0.000000883, 0.000000000), (0.000000958, 31.475200000), (0.000000793, 0.000000000), (0.000000913, 31.542400000), (0.000000973, 0.000000000), (0.000000956, 31.440000000), (0.000000790, 0.000000000), (0.000000944, 31.446400000), (0.000000823, 0.000000000), (0.000000994, 31.478400000), (0.000000889, 0.000000000), (0.000000883, 31.475200000), (0.000000814, 0.000000000), (0.000000948, 31.542400000), (0.000000906, 0.000000000), (0.000001056, 31.440000000), (0.000000818, 0.000000000), (0.000001004, 31.446400000), (0.000000800, 0.000000000), (0.000000972, 31.478400000), (0.000000971, 0.000000000), (0.000000903, 31.475200000), (0.000000815, 0.000000000), (0.000000913, 31.542400000), (0.000000888, 0.000000000), (0.000000934, 31.440000000), (0.000000780, 0.000000000), (0.000000905, 31.446400000), (0.000000835, 0.000000000), (0.000000861, 31.478400000), (0.000000902, 0.000000000), (0.000000911, 31.475200000), (0.000000825, 0.000000000), (0.000000992, 31.542400000), (0.000000818, 0.000000000), (0.000001004, 31.440000000), (0.000000781, 0.000000000), (0.000000900, 31.446400000), (0.000000861, 0.000000000), (0.000000956, 31.478400000), (0.000000849, 0.000000000), (0.000000882, 31.475200000), (0.000000807, 0.000000000), (0.000000908, 31.542400000), (0.000000840, 0.000000000), (0.000000934, 31.440000000), (0.000000797, 0.000000000), (0.000000973, 31.446400000), (0.000000833, 0.000000000), (0.000000927, 31.478400000), (0.000000824, 0.000000000), (0.000000895, 31.475200000), (0.000000796, 0.000000000), (0.000000965, 31.542400000), (0.000000803, 0.000000000), (0.000000910, 31.440000000), (0.000000813, 0.000000000), (0.000000942, 31.446400000), (0.000000836, 0.000000000)],
"worst_25":[(0.000001033, 31.510400000), (0.000001044, 0.000000000), (0.000001059, 31.542400000), (0.000000968, 0.000000000), (0.000001118, 31.494400000), (0.000001076, 0.000000000), (0.000001062, 31.507200000), (0.000000942, 0.000000000), (0.000001162, 31.513600000), (0.000000970, 0.000000000), (0.000001007, 31.510400000), (0.000001093, 0.000000000), (0.000001301, 31.542400000), (0.000000993, 0.000000000), (0.000001097, 31.494400000), (0.000000964, 0.000000000), (0.000001088, 31.507200000), (0.000000990, 0.000000000), (0.000001092, 31.513600000), (0.000001081, 0.000000000), (0.000001115, 31.510400000), (0.000001031, 0.000000000), (0.000001071, 31.542400000), (0.000000962, 0.000000000), (0.000001086, 31.494400000), (0.000001029, 0.000000000), (0.000001090, 31.507200000), (0.000001073, 0.000000000), (0.000001128, 31.513600000), (0.000000987, 0.000000000), (0.000001019, 31.510400000), (0.000001061, 0.000000000), (0.000001149, 31.542400000), (0.000000982, 0.000000000), (0.000001069, 31.494400000), (0.000001092, 0.000000000), (0.000001090, 31.507200000), (0.000000935, 0.000000000), (0.000001141, 31.513600000), (0.000000985, 0.000000000), (0.000001068, 31.510400000), (0.000001047, 0.000000000), (0.000001050, 31.542400000), (0.000000987, 0.000000000), (0.000001070, 31.494400000), (0.000000951, 0.000000000), (0.000001147, 31.507200000), (0.000001012, 0.000000000), (0.000001086, 31.513600000), (0.000001011, 0.000000000), (0.000000963, 31.510400000), (0.000001025, 0.000000000), (0.000001091, 31.542400000), (0.000000952, 0.000000000), (0.000001099, 31.494400000), (0.000000947, 0.000000000), (0.000001062, 31.507200000), (0.000000938, 0.000000000), (0.000001066, 31.513600000), (0.000000981, 0.000000000), (0.000001117, 31.510400000), (0.000001043, 0.000000000), (0.000001043, 31.542400000), (0.000000959, 0.000000000), (0.000001085, 31.494400000), (0.000000959, 0.000000000), (0.000001120, 31.507200000), (0.000001039, 0.000000000), (0.000001268, 31.513600000), (0.000001237, 0.000000000), (0.000001154, 31.510400000), (0.000001122, 0.000000000), (0.000001127, 31.542400000), (0.000001022, 0.000000000), (0.000001142, 31.494400000), (0.000001017, 0.000000000), (0.000001115, 31.507200000), (0.000001044, 0.000000000), (0.000001076, 31.513600000), (0.000000948, 0.000000000), (0.000001034, 31.510400000), (0.000001029, 0.000000000), (0.000001084, 31.542400000), (0.000000938, 0.000000000), (0.000001079, 31.494400000), (0.000000973, 0.000000000), (0.000001059, 31.507200000), (0.000001009, 0.000000000), (0.000001101, 31.513600000), (0.000001055, 0.000000000), (0.000001013, 31.510400000), (0.000001036, 0.000000000), (0.000001059, 31.542400000), (0.000000935, 0.000000000), (0.000001169, 31.494400000), (0.000000936, 0.000000000), (0.000001172, 31.507200000), (0.000000932, 0.000000000), (0.000001093, 31.513600000), (0.000000975, 0.000000000)],
"worst_26":[(0.000001148, 31.491200000), (0.000001382, 0.000000000), (0.000001390, 31.529600000), (0.000001243, 0.000000000), (0.000001272, 31.555200000), (0.000001141, 0.000000000), (0.000001273, 31.443200000), (0.000001246, 0.000000000), (0.000001292, 31.510400000), (0.000001158, 0.000000000), (0.000001222, 31.491200000), (0.000001240, 0.000000000), (0.000001312, 31.529600000), (0.000001116, 0.000000000), (0.000001248, 31.555200000), (0.000001147, 0.000000000), (0.000001233, 31.443200000), (0.000001115, 0.000000000), (0.000001234, 31.510400000), (0.000001107, 0.000000000), (0.000001262, 31.491200000), (0.000001245, 0.000000000), (0.000001246, 31.529600000), (0.000001178, 0.000000000), (0.000001287, 31.555200000), (0.000001125, 0.000000000), (0.000001281, 31.443200000), (0.000001120, 0.000000000), (0.000001340, 31.510400000), (0.000001128, 0.000000000), (0.000001142, 31.491200000), (0.000001232, 0.000000000), (0.000001237, 31.529600000), (0.000001149, 0.000000000), (0.000001294, 31.555200000), (0.000001125, 0.000000000), (0.000001289, 31.443200000), (0.000001179, 0.000000000), (0.000001259, 31.510400000), (0.000001104, 0.000000000), (0.000001222, 31.491200000), (0.000001329, 0.000000000), (0.000001241, 31.529600000), (0.000001169, 0.000000000), (0.000001274, 31.555200000), (0.000001175, 0.000000000), (0.000001258, 31.443200000), (0.000001160, 0.000000000), (0.000001263, 31.510400000), (0.000001227, 0.000000000), (0.000001241, 31.491200000), (0.000001265, 0.000000000), (0.000001218, 31.529600000), (0.000001137, 0.000000000), (0.000001233, 31.555200000), (0.000001125, 0.000000000), (0.000001235, 31.443200000), (0.000001096, 0.000000000), (0.000001260, 31.510400000), (0.000001113, 0.000000000), (0.000001232, 31.491200000), (0.000001231, 0.000000000), (0.000001271, 31.529600000), (0.000001137, 0.000000000), (0.000001262, 31.555200000), (0.000001126, 0.000000000), (0.000001323, 31.443200000), (0.000001131, 0.000000000), (0.000001289, 31.510400000), (0.000001136, 0.000000000), (0.000001228, 31.491200000), (0.000001325, 0.000000000), (0.000001243, 31.529600000), (0.000001138, 0.000000000), (0.000001235, 31.555200000), (0.000001142, 0.000000000), (0.000001252, 31.443200000), (0.000001104, 0.000000000), (0.000001229, 31.510400000), (0.000001082, 0.000000000), (0.000001128, 31.491200000), (0.000001410, 0.000000000), (0.000001393, 31.529600000), (0.000001208, 0.000000000), (0.000001601, 31.555200000), (0.000001349, 0.000000000), (0.000001293, 31.443200000), (0.000001187, 0.000000000), (0.000001298, 31.510400000), (0.000001107, 0.000000000), (0.000001209, 31.491200000), (0.000001290, 0.000000000), (0.000001277, 31.529600000), (0.000001138, 0.000000000), (0.000001259, 31.555200000), (0.000001128, 0.000000000), (0.000001269, 31.443200000), (0.000001160, 0.000000000), (0.000001269, 31.510400000), (0.000001177, 0.000000000)],
"worst_27":[(0.000001377, 31.561600000), (0.000001463, 0.000000000), (0.000001415, 31.424000000), (0.000001351, 0.000000000), (0.000001406, 31.491200000), (0.000001308, 0.000000000), (0.000001536, 31.484800000), (0.000001301, 0.000000000), (0.000001434, 31.491200000), (0.000001280, 0.000000000), (0.000001397, 31.561600000), (0.000001443, 0.000000000), (0.000001403, 31.424000000), (0.000001351, 0.000000000), (0.000001408, 31.491200000), (0.000001323, 0.000000000), (0.000001448, 31.484800000), (0.000001313, 0.000000000), (0.000001402, 31.491200000), (0.000001273, 0.000000000), (0.000001304, 31.561600000), (0.000001476, 0.000000000), (0.000001443, 31.424000000), (0.000001356, 0.000000000), (0.000001414, 31.491200000), (0.000001291, 0.000000000), (0.000001533, 31.484800000), (0.000001298, 0.000000000), (0.000001464, 31.491200000), (0.000001340, 0.000000000), (0.000001373, 31.561600000), (0.000001510, 0.000000000), (0.000001522, 31.424000000), (0.000001345, 0.000000000), (0.000001448, 31.491200000), (0.000001302, 0.000000000), (0.000001556, 31.484800000), (0.000001293, 0.000000000), (0.000001397, 31.491200000), (0.000001260, 0.000000000), (0.000001411, 31.561600000), (0.000001497, 0.000000000), (0.000001389, 31.424000000), (0.000001319, 0.000000000), (0.000001441, 31.491200000), (0.000001397, 0.000000000), (0.000001494, 31.484800000), (0.000001315, 0.000000000), (0.000001419, 31.491200000), (0.000001250, 0.000000000), (0.000001418, 31.561600000), (0.000001568, 0.000000000), (0.000001409, 31.424000000), (0.000001363, 0.000000000), (0.000001424, 31.491200000), (0.000001301, 0.000000000), (0.000001490, 31.484800000), (0.000001304, 0.000000000), (0.000001494, 31.491200000), (0.000001289, 0.000000000), (0.000001279, 31.561600000), (0.000001446, 0.000000000), (0.000001466, 31.424000000), (0.000001388, 0.000000000), (0.000001446, 31.491200000), (0.000001289, 0.000000000), (0.000001435, 31.484800000), (0.000001327, 0.000000000), (0.000001392, 31.491200000), (0.000001250, 0.000000000), (0.000001322, 31.561600000), (0.000001449, 0.000000000), (0.000001380, 31.424000000), (0.000001309, 0.000000000), (0.000001382, 31.491200000), (0.000001353, 0.000000000), (0.000001421, 31.484800000), (0.000001374, 0.000000000), (0.000001558, 31.491200000), (0.000001508, 0.000000000), (0.000001368, 31.561600000), (0.000001496, 0.000000000), (0.000001437, 31.424000000), (0.000001330, 0.000000000), (0.000001447, 31.491200000), (0.000001480, 0.000000000), (0.000001458, 31.484800000), (0.000001312, 0.000000000), (0.000001434, 31.491200000), (0.000001277, 0.000000000), (0.000001326, 31.561600000), (0.000001447, 0.000000000), (0.000001508, 31.424000000), (0.000001321, 0.000000000), (0.000001399, 31.491200000), (0.000001276, 0.000000000), (0.000001425, 31.484800000), (0.000001335, 0.000000000), (0.000001420, 31.491200000), (0.000001333, 0.000000000)],
"worst_28":[(0.000001450, 31.481600000), (0.000001684, 0.000000000), (0.000001637, 31.449600000), (0.000001595, 0.000000000), (0.000001604, 31.459200000), (0.000001529, 0.000000000), (0.000001583, 31.552000000), (0.000001500, 0.000000000), (0.000001598, 31.504000000), (0.000001495, 0.000000000), (0.000001543, 31.481600000), (0.000001721, 0.000000000), (0.000001620, 31.449600000), (0.000001593, 0.000000000), (0.000001655, 31.459200000), (0.000001494, 0.000000000), (0.000001593, 31.552000000), (0.000001517, 0.000000000), (0.000001577, 31.504000000), (0.000001547, 0.000000000), (0.000001527, 31.481600000), (0.000001673, 0.000000000), (0.000001540, 31.449600000), (0.000001610, 0.000000000), (0.000001576, 31.459200000), (0.000001521, 0.000000000), (0.000001574, 31.552000000), (0.000001481, 0.000000000), (0.000001606, 31.504000000), (0.000001465, 0.000000000), (0.000001471, 31.481600000), (0.000001693, 0.000000000), (0.000001600, 31.449600000), (0.000001604, 0.000000000), (0.000001537, 31.459200000), (0.000001508, 0.000000000), (0.000001571, 31.552000000), (0.000001538, 0.000000000), (0.000001550, 31.504000000), (0.000001418, 0.000000000), (0.000001476, 31.481600000), (0.000001660, 0.000000000), (0.000001532, 31.449600000), (0.000001622, 0.000000000), (0.000001586, 31.459200000), (0.000001518, 0.000000000), (0.000001570, 31.552000000), (0.000001442, 0.000000000), (0.000001542, 31.504000000), (0.000001412, 0.000000000), (0.000001543, 31.481600000), (0.000001641, 0.000000000), (0.000001555, 31.449600000), (0.000001534, 0.000000000), (0.000001554, 31.459200000), (0.000001472, 0.000000000), (0.000001568, 31.552000000), (0.000001495, 0.000000000), (0.000001599, 31.504000000), (0.000001421, 0.000000000), (0.000001636, 31.481600000), (0.000001920, 0.000000000), (0.000001659, 31.449600000), (0.000001562, 0.000000000), (0.000001576, 31.459200000), (0.000001477, 0.000000000), (0.000001611, 31.552000000), (0.000001488, 0.000000000), (0.000001614, 31.504000000), (0.000001467, 0.000000000), (0.000001495, 31.481600000), (0.000001683, 0.000000000), (0.000001579, 31.449600000), (0.000001575, 0.000000000), (0.000001555, 31.459200000), (0.000001480, 0.000000000), (0.000001553, 31.552000000), (0.000001468, 0.000000000), (0.000001530, 31.504000000), (0.000001410, 0.000000000), (0.000001444, 31.481600000), (0.000001776, 0.000000000), (0.000001679, 31.449600000), (0.000001535, 0.000000000), (0.000001550, 31.459200000), (0.000001475, 0.000000000), (0.000001593, 31.552000000), (0.000001502, 0.000000000), (0.000001589, 31.504000000), (0.000001453, 0.000000000), (0.000001452, 31.481600000), (0.000001660, 0.000000000), (0.000001527, 31.449600000), (0.000001503, 0.000000000), (0.000001584, 31.459200000), (0.000001541, 0.000000000), (0.000001572, 31.552000000), (0.000001441, 0.000000000), (0.000001582, 31.504000000), (0.000001413, 0.000000000)],
"worst_29":[(0.000001623, 31.504000000), (0.000001935, 0.000000000), (0.000001742, 31.430400000), (0.000001738, 0.000000000), (0.000001785, 31.510400000), (0.000001685, 0.000000000), (0.000001765, 31.526400000), (0.000001746, 0.000000000), (0.000001741, 31.452800000), (0.000001651, 0.000000000), (0.000001665, 31.504000000), (0.000002015, 0.000000000), (0.000001688, 31.430400000), (0.000001780, 0.000000000), (0.000001708, 31.510400000), (0.000001690, 0.000000000), (0.000001846, 31.526400000), (0.000001661, 0.000000000), (0.000001699, 31.452800000), (0.000001710, 0.000000000), (0.000001707, 31.504000000), (0.000001927, 0.000000000), (0.000001714, 31.430400000), (0.000001804, 0.000000000), (0.000001713, 31.510400000), (0.000001663, 0.000000000), (0.000001699, 31.526400000), (0.000001711, 0.000000000), (0.000001724, 31.452800000), (0.000001626, 0.000000000), (0.000001618, 31.504000000), (0.000001969, 0.000000000), (0.000001683, 31.430400000), (0.000001737, 0.000000000), (0.000001721, 31.510400000), (0.000001862, 0.000000000), (0.000002018, 31.526400000), (0.000001876, 0.000000000), (0.000001758, 31.452800000), (0.000001764, 0.000000000), (0.000001607, 31.504000000), (0.000002031, 0.000000000), (0.000001851, 31.430400000), (0.000001803, 0.000000000), (0.000001716, 31.510400000), (0.000001927, 0.000000000), (0.000001728, 31.526400000), (0.000001676, 0.000000000), (0.000001706, 31.452800000), (0.000001598, 0.000000000), (0.000001634, 31.504000000), (0.000001951, 0.000000000), (0.000001712, 31.430400000), (0.000001728, 0.000000000), (0.000001746, 31.510400000), (0.000001680, 0.000000000), (0.000001729, 31.526400000), (0.000001660, 0.000000000), (0.000001781, 31.452800000), (0.000001674, 0.000000000), (0.000001655, 31.504000000), (0.000001932, 0.000000000), (0.000001741, 31.430400000), (0.000001822, 0.000000000), (0.000001810, 31.510400000), (0.000001649, 0.000000000), (0.000001767, 31.526400000), (0.000001674, 0.000000000), (0.000001705, 31.452800000), (0.000001630, 0.000000000), (0.000001585, 31.504000000), (0.000002029, 0.000000000), (0.000001735, 31.430400000), (0.000001742, 0.000000000), (0.000001718, 31.510400000), (0.000001662, 0.000000000), (0.000001728, 31.526400000), (0.000001797, 0.000000000), (0.000001753, 31.452800000), (0.000001627, 0.000000000), (0.000001681, 31.504000000), (0.000002006, 0.000000000), (0.000001718, 31.430400000), (0.000001754, 0.000000000), (0.000001726, 31.510400000), (0.000001699, 0.000000000), (0.000001748, 31.526400000), (0.000001666, 0.000000000), (0.000001717, 31.452800000), (0.000001713, 0.000000000), (0.000001637, 31.504000000), (0.000002037, 0.000000000), (0.000001719, 31.430400000), (0.000001769, 0.000000000), (0.000001736, 31.510400000), (0.000001691, 0.000000000), (0.000001731, 31.526400000), (0.000001650, 0.000000000), (0.000001758, 31.452800000), (0.000001637, 0.000000000)],
"worst_30":[(0.000001868, 31.459200000), (0.000002345, 0.000000000), (0.000001922, 31.475200000), (0.000002081, 0.000000000), (0.000002106, 31.520000000), (0.000002030, 0.000000000), (0.000001964, 31.513600000), (0.000001971, 0.000000000), (0.000001913, 31.532800000), (0.000002027, 0.000000000), (0.000001807, 31.459200000), (0.000002313, 0.000000000), (0.000001915, 31.475200000), (0.000002044, 0.000000000), (0.000001918, 31.520000000), (0.000002104, 0.000000000), (0.000001991, 31.513600000), (0.000001994, 0.000000000), (0.000001924, 31.532800000), (0.000001955, 0.000000000), (0.000001876, 31.459200000), (0.000002289, 0.000000000), (0.000001911, 31.475200000), (0.000002059, 0.000000000), (0.000001927, 31.520000000), (0.000002012, 0.000000000), (0.000001907, 31.513600000), (0.000001970, 0.000000000), (0.000001969, 31.532800000), (0.000001920, 0.000000000), (0.000001827, 31.459200000), (0.000002300, 0.000000000), (0.000002009, 31.475200000), (0.000002072, 0.000000000), (0.000001943, 31.520000000), (0.000001951, 0.000000000), (0.000001894, 31.513600000), (0.000002006, 0.000000000), (0.000001895, 31.532800000), (0.000001935, 0.000000000), (0.000001779, 31.459200000), (0.000002267, 0.000000000), (0.000001918, 31.475200000), (0.000002032, 0.000000000), (0.000001880, 31.520000000), (0.000001905, 0.000000000), (0.000002050, 31.513600000), (0.000001876, 0.000000000), (0.000001871, 31.532800000), (0.000002214, 0.000000000), (0.000002149, 31.459200000), (0.000002207, 0.000000000), (0.000001858, 31.475200000), (0.000002133, 0.000000000), (0.000002059, 31.520000000), (0.000002007, 0.000000000), (0.000001879, 31.513600000), (0.000001892, 0.000000000), (0.000001875, 31.532800000), (0.000001935, 0.000000000), (0.000001780, 31.459200000), (0.000002156, 0.000000000), (0.000002034, 31.475200000), (0.000002026, 0.000000000), (0.000001917, 31.520000000), (0.000001948, 0.000000000), (0.000001943, 31.513600000), (0.000001902, 0.000000000), (0.000001972, 31.532800000), (0.000001891, 0.000000000), (0.000001801, 31.459200000), (0.000002187, 0.000000000), (0.000001886, 31.475200000), (0.000002021, 0.000000000), (0.000001871, 31.520000000), (0.000001961, 0.000000000), (0.000001934, 31.513600000), (0.000001951, 0.000000000), (0.000001868, 31.532800000), (0.000001903, 0.000000000), (0.000001787, 31.459200000), (0.000002182, 0.000000000), (0.000001985, 31.475200000), (0.000002048, 0.000000000), (0.000001892, 31.520000000), (0.000001957, 0.000000000), (0.000001958, 31.513600000), (0.000002008, 0.000000000), (0.000001855, 31.532800000), (0.000001934, 0.000000000), (0.000001896, 31.459200000), (0.000002250, 0.000000000), (0.000001879, 31.475200000), (0.000002034, 0.000000000), (0.000001911, 31.520000000), (0.000001896, 0.000000000), (0.000001898, 31.513600000), (0.000001970, 0.000000000), (0.000001844, 31.532800000), (0.000001865, 0.000000000)],
"worst_31":[(0.000002079, 31.478400000), (0.000002593, 0.000000000), (0.000002151, 31.568000000), (0.000002546, 0.000000000), (0.000002127, 31.523200000), (0.000002264, 0.000000000), (0.000002101, 31.536000000), (0.000002246, 0.000000000), (0.000002291, 31.516800000), (0.000002209, 0.000000000), (0.000002164, 31.478400000), (0.000002580, 0.000000000), (0.000002071, 31.568000000), (0.000002340, 0.000000000), (0.000002224, 31.523200000), (0.000002317, 0.000000000), (0.000002109, 31.536000000), (0.000002265, 0.000000000), (0.000002202, 31.516800000), (0.000002187, 0.000000000), (0.000002007, 31.478400000), (0.000002635, 0.000000000), (0.000002153, 31.568000000), (0.000002355, 0.000000000), (0.000002191, 31.523200000), (0.000002299, 0.000000000), (0.000002127, 31.536000000), (0.000002269, 0.000000000), (0.000002245, 31.516800000), (0.000002182, 0.000000000), (0.000001946, 31.478400000), (0.000002481, 0.000000000), (0.000002138, 31.568000000), (0.000002382, 0.000000000), (0.000002113, 31.523200000), (0.000002359, 0.000000000), (0.000002251, 31.536000000), (0.000002213, 0.000000000), (0.000002097, 31.516800000), (0.000002198, 0.000000000), (0.000002063, 31.478400000), (0.000002537, 0.000000000), (0.000002300, 31.568000000), (0.000002660, 0.000000000), (0.000002219, 31.523200000), (0.000002352, 0.000000000), (0.000002135, 31.536000000), (0.000002266, 0.000000000), (0.000002143, 31.516800000), (0.000002201, 0.000000000), (0.000002019, 31.478400000), (0.000002523, 0.000000000), (0.000002109, 31.568000000), (0.000002351, 0.000000000), (0.000002144, 31.523200000), (0.000002291, 0.000000000), (0.000002210, 31.536000000), (0.000002227, 0.000000000), (0.000002215, 31.516800000), (0.000002186, 0.000000000), (0.000002030, 31.478400000), (0.000002568, 0.000000000), (0.000002098, 31.568000000), (0.000002323, 0.000000000), (0.000002172, 31.523200000), (0.000002386, 0.000000000), (0.000002126, 31.536000000), (0.000002207, 0.000000000), (0.000002121, 31.516800000), (0.000002294, 0.000000000), (0.000002008, 31.478400000), (0.000003153, 0.000000000), (0.000002684, 31.568000000), (0.000002908, 0.000000000), (0.000002622, 31.523200000), (0.000002686, 0.000000000), (0.000002240, 31.536000000), (0.000002347, 0.000000000), (0.000002940, 31.516800000), (0.000002912, 0.000000000), (0.000002790, 31.478400000), (0.000002594, 0.000000000), (0.000003176, 31.568000000), (0.000003472, 0.000000000), (0.000002365, 31.523200000), (0.000002336, 0.000000000), (0.000002211, 31.536000000), (0.000002411, 0.000000000), (0.000002195, 31.516800000), (0.000002209, 0.000000000), (0.000002086, 31.478400000), (0.000002567, 0.000000000), (0.000002126, 31.568000000), (0.000002458, 0.000000000), (0.000002165, 31.523200000), (0.000002450, 0.000000000), (0.000002189, 31.536000000), (0.000002204, 0.000000000), (0.000002240, 31.516800000), (0.000002224, 0.000000000)],
"worst_32":[(0.000002430, 31.504000000), (0.000003011, 0.000000000), (0.000002441, 31.468800000), (0.000002783, 0.000000000), (0.000002498, 31.494400000), (0.000002732, 0.000000000), (0.000002520, 31.465600000), (0.000002639, 0.000000000), (0.000002442, 31.536000000), (0.000002553, 0.000000000), (0.000002412, 31.504000000), (0.000002951, 0.000000000), (0.000002425, 31.468800000), (0.000002802, 0.000000000), (0.000002467, 31.494400000), (0.000002807, 0.000000000), (0.000002485, 31.465600000), (0.000002629, 0.000000000), (0.000002478, 31.536000000), (0.000002616, 0.000000000), (0.000002414, 31.504000000), (0.000002985, 0.000000000), (0.000002403, 31.468800000), (0.000002790, 0.000000000), (0.000002451, 31.494400000), (0.000002692, 0.000000000), (0.000002529, 31.465600000), (0.000002628, 0.000000000), (0.000002536, 31.536000000), (0.000002628, 0.000000000), (0.000002382, 31.504000000), (0.000003062, 0.000000000), (0.000002412, 31.468800000), (0.000002749, 0.000000000), (0.000002417, 31.494400000), (0.000002751, 0.000000000), (0.000002471, 31.465600000), (0.000002641, 0.000000000), (0.000002487, 31.536000000), (0.000002654, 0.000000000), (0.000002354, 31.504000000), (0.000003044, 0.000000000), (0.000002406, 31.468800000), (0.000002784, 0.000000000), (0.000002420, 31.494400000), (0.000002731, 0.000000000), (0.000002498, 31.465600000), (0.000002682, 0.000000000), (0.000002563, 31.536000000), (0.000002629, 0.000000000), (0.000002338, 31.504000000), (0.000003079, 0.000000000), (0.000002554, 31.468800000), (0.000002744, 0.000000000), (0.000002535, 31.494400000), (0.000002704, 0.000000000), (0.000002449, 31.465600000), (0.000002597, 0.000000000), (0.000002448, 31.536000000), (0.000002563, 0.000000000), (0.000002288, 31.504000000), (0.000003003, 0.000000000), (0.000002580, 31.468800000), (0.000002732, 0.000000000), (0.000002428, 31.494400000), (0.000002658, 0.000000000), (0.000002676, 31.465600000), (0.000003045, 0.000000000), (0.000002613, 31.536000000), (0.000002612, 0.000000000), (0.000002340, 31.504000000), (0.000002992, 0.000000000), (0.000002573, 31.468800000), (0.000002805, 0.000000000), (0.000002471, 31.494400000), (0.000002661, 0.000000000), (0.000002519, 31.465600000), (0.000002844, 0.000000000), (0.000002659, 31.536000000), (0.000003170, 0.000000000), (0.000002306, 31.504000000), (0.000003009, 0.000000000), (0.000002578, 31.468800000), (0.000002799, 0.000000000), (0.000002649, 31.494400000), (0.000002713, 0.000000000), (0.000002818, 31.465600000), (0.000003530, 0.000000000), (0.000002662, 31.536000000), (0.000002600, 0.000000000), (0.000002796, 31.504000000), (0.000003007, 0.000000000), (0.000002523, 31.468800000), (0.000002775, 0.000000000), (0.000002494, 31.494400000), (0.000002684, 0.000000000), (0.000002537, 31.465600000), (0.000002697, 0.000000000), (0.000002544, 31.536000000), (0.000002565, 0.000000000)],
"worst_33":[(0.000002669, 31.507200000), (0.000003438, 0.000000000), (0.000002850, 31.462400000), (0.000003193, 0.000000000), (0.000002960, 31.456000000), (0.000003079, 0.000000000), (0.000002833, 31.532800000), (0.000003078, 0.000000000), (0.000002836, 31.484800000), (0.000002982, 0.000000000), (0.000002592, 31.507200000), (0.000003472, 0.000000000), (0.000003236, 31.462400000), (0.000003621, 0.000000000), (0.000002957, 31.456000000), (0.000003084, 0.000000000), (0.000002842, 31.532800000), (0.000003140, 0.000000000), (0.000002822, 31.484800000), (0.000002937, 0.000000000), (0.000002737, 31.507200000), (0.000003365, 0.000000000), (0.000002822, 31.462400000), (0.000003145, 0.000000000), (0.000002798, 31.456000000), (0.000003057, 0.000000000), (0.000002897, 31.532800000), (0.000003098, 0.000000000), (0.000002815, 31.484800000), (0.000002991, 0.000000000), (0.000002598, 31.507200000), (0.000003533, 0.000000000), (0.000003379, 31.462400000), (0.000003411, 0.000000000), (0.000002790, 31.456000000), (0.000003054, 0.000000000), (0.000002909, 31.532800000), (0.000003008, 0.000000000), (0.000002925, 31.484800000), (0.000003001, 0.000000000), (0.000002593, 31.507200000), (0.000003369, 0.000000000), (0.000002830, 31.462400000), (0.000003138, 0.000000000), (0.000002799, 31.456000000), (0.000003158, 0.000000000), (0.000002820, 31.532800000), (0.000003007, 0.000000000), (0.000002832, 31.484800000), (0.000002928, 0.000000000), (0.000002590, 31.507200000), (0.000003595, 0.000000000), (0.000003138, 31.462400000), (0.000003416, 0.000000000), (0.000002756, 31.456000000), (0.000002990, 0.000000000), (0.000002947, 31.532800000), (0.000003036, 0.000000000), (0.000004981, 31.484800000), (0.000003360, 0.000000000), (0.000002543, 31.507200000), (0.000003335, 0.000000000), (0.000002765, 31.462400000), (0.000003180, 0.000000000), (0.000002872, 31.456000000), (0.000002975, 0.000000000), (0.000002861, 31.532800000), (0.000002969, 0.000000000), (0.000002813, 31.484800000), (0.000002964, 0.000000000), (0.000002970, 31.507200000), (0.000003583, 0.000000000), (0.000002786, 31.462400000), (0.000003208, 0.000000000), (0.000002953, 31.456000000), (0.000003018, 0.000000000), (0.000002777, 31.532800000), (0.000003044, 0.000000000), (0.000002852, 31.484800000), (0.000002881, 0.000000000), (0.000002601, 31.507200000), (0.000003313, 0.000000000), (0.000002904, 31.462400000), (0.000003121, 0.000000000), (0.000002843, 31.456000000), (0.000003128, 0.000000000), (0.000002753, 31.532800000), (0.000002993, 0.000000000), (0.000002735, 31.484800000), (0.000002985, 0.000000000), (0.000002892, 31.507200000), (0.000003992, 0.000000000), (0.000002824, 31.462400000), (0.000003224, 0.000000000), (0.000002939, 31.456000000), (0.000003070, 0.000000000), (0.000002857, 31.532800000), (0.000003060, 0.000000000), (0.000002951, 31.484800000), (0.000003026, 0.000000000)],
"worst_34":[(0.000002878, 31.436800000), (0.000003848, 0.000000000), (0.000003146, 31.484800000), (0.000003548, 0.000000000), (0.000003152, 31.446400000), (0.000003494, 0.000000000), (0.000003137, 31.468800000), (0.000003388, 0.000000000), (0.000003100, 31.516800000), (0.000003344, 0.000000000), (0.000002810, 31.436800000), (0.000003879, 0.000000000), (0.000003154, 31.484800000), (0.000003447, 0.000000000), (0.000003197, 31.446400000), (0.000003404, 0.000000000), (0.000003064, 31.468800000), (0.000003425, 0.000000000), (0.000003157, 31.516800000), (0.000003355, 0.000000000), (0.000004426, 31.436800000), (0.000004684, 0.000000000), (0.000003536, 31.484800000), (0.000003981, 0.000000000), (0.000003456, 31.446400000), (0.000003659, 0.000000000), (0.000003298, 31.468800000), (0.000003475, 0.000000000), (0.000003263, 31.516800000), (0.000003514, 0.000000000), (0.000002978, 31.436800000), (0.000003748, 0.000000000), (0.000003124, 31.484800000), (0.000003644, 0.000000000), (0.000003203, 31.446400000), (0.000003369, 0.000000000), (0.000003238, 31.468800000), (0.000003356, 0.000000000), (0.000003150, 31.516800000), (0.000003270, 0.000000000), (0.000003035, 31.436800000), (0.000003755, 0.000000000), (0.000003270, 31.484800000), (0.000003515, 0.000000000), (0.000003245, 31.446400000), (0.000003416, 0.000000000), (0.000003098, 31.468800000), (0.000003350, 0.000000000), (0.000003121, 31.516800000), (0.000003298, 0.000000000), (0.000002984, 31.436800000), (0.000003804, 0.000000000), (0.000003160, 31.484800000), (0.000003541, 0.000000000), (0.000003109, 31.446400000), (0.000003366, 0.000000000), (0.000003235, 31.468800000), (0.000003346, 0.000000000), (0.000003129, 31.516800000), (0.000003279, 0.000000000), (0.000003218, 31.436800000), (0.000003916, 0.000000000), (0.000003205, 31.484800000), (0.000003549, 0.000000000), (0.000003242, 31.446400000), (0.000003362, 0.000000000), (0.000003181, 31.468800000), (0.000003286, 0.000000000), (0.000003173, 31.516800000), (0.000003385, 0.000000000), (0.000002929, 31.436800000), (0.000003929, 0.000000000), (0.000003211, 31.484800000), (0.000003433, 0.000000000), (0.000003237, 31.446400000), (0.000003402, 0.000000000), (0.000003215, 31.468800000), (0.000003399, 0.000000000), (0.000003127, 31.516800000), (0.000003298, 0.000000000), (0.000002927, 31.436800000), (0.000003867, 0.000000000), (0.000003142, 31.484800000), (0.000003495, 0.000000000), (0.000003206, 31.446400000), (0.000003582, 0.000000000), (0.000003176, 31.468800000), (0.000003306, 0.000000000), (0.000003148, 31.516800000), (0.000003322, 0.000000000), (0.000002858, 31.436800000), (0.000003859, 0.000000000), (0.000003279, 31.484800000), (0.000003501, 0.000000000), (0.000003252, 31.446400000), (0.000003418, 0.000000000), (0.000003090, 31.468800000), (0.000003395, 0.000000000), (0.000003243, 31.516800000), (0.000003295, 0.000000000)],
"worst_35":[(0.000003289, 31.478400000), (0.000004356, 0.000000000), (0.000003511, 31.526400000), (0.000003983, 0.000000000), (0.000003569, 31.520000000), (0.000003906, 0.000000000), (0.000003494, 31.475200000), (0.000003883, 0.000000000), (0.000003528, 31.488000000), (0.000003750, 0.000000000), (0.000003209, 31.478400000), (0.000004277, 0.000000000), (0.000003489, 31.526400000), (0.000004018, 0.000000000), (0.000003633, 31.520000000), (0.000003834, 0.000000000), (0.000003590, 31.475200000), (0.000003811, 0.000000000), (0.000003492, 31.488000000), (0.000003728, 0.000000000), (0.000003303, 31.478400000), (0.000004439, 0.000000000), (0.000003555, 31.526400000), (0.000003962, 0.000000000), (0.000003498, 31.520000000), (0.000003867, 0.000000000), (0.000003465, 31.475200000), (0.000003863, 0.000000000), (0.000003581, 31.488000000), (0.000003688, 0.000000000), (0.000003249, 31.478400000), (0.000004276, 0.000000000), (0.000003625, 31.526400000), (0.000003953, 0.000000000), (0.000003551, 31.520000000), (0.000003870, 0.000000000), (0.000003470, 31.475200000), (0.000003892, 0.000000000), (0.000003502, 31.488000000), (0.000003699, 0.000000000), (0.000003251, 31.478400000), (0.000004279, 0.000000000), (0.000003538, 31.526400000), (0.000003964, 0.000000000), (0.000003637, 31.520000000), (0.000003846, 0.000000000), (0.000003481, 31.475200000), (0.000003848, 0.000000000), (0.000003507, 31.488000000), (0.000003767, 0.000000000), (0.000003398, 31.478400000), (0.000004297, 0.000000000), (0.000003499, 31.526400000), (0.000003960, 0.000000000), (0.000003470, 31.520000000), (0.000003842, 0.000000000), (0.000003583, 31.475200000), (0.000003763, 0.000000000), (0.000003480, 31.488000000), (0.000003725, 0.000000000), (0.000003131, 31.478400000), (0.000004233, 0.000000000), (0.000003382, 31.526400000), (0.000003830, 0.000000000), (0.000003428, 31.520000000), (0.000003734, 0.000000000), (0.000003510, 31.475200000), (0.000003675, 0.000000000), (0.000003418, 31.488000000), (0.000003634, 0.000000000), (0.000003137, 31.478400000), (0.000004249, 0.000000000), (0.000003557, 31.526400000), (0.000003885, 0.000000000), (0.000003423, 31.520000000), (0.000003769, 0.000000000), (0.000003507, 31.475200000), (0.000003781, 0.000000000), (0.000003442, 31.488000000), (0.000003559, 0.000000000), (0.000003137, 31.478400000), (0.000004107, 0.000000000), (0.000003573, 31.526400000), (0.000003996, 0.000000000), (0.000003417, 31.520000000), (0.000003745, 0.000000000), (0.000003387, 31.475200000), (0.000003665, 0.000000000), (0.000003403, 31.488000000), (0.000003689, 0.000000000), (0.000003334, 31.478400000), (0.000004320, 0.000000000), (0.000003558, 31.526400000), (0.000003928, 0.000000000), (0.000003550, 31.520000000), (0.000003875, 0.000000000), (0.000003536, 31.475200000), (0.000003766, 0.000000000), (0.000003536, 31.488000000), (0.000003693, 0.000000000)],
