"best_15":[(0.000000521, 23.558400000), (0.000000399, 0.000000000), (0.000000529, 23.565600000), (0.000000417, 0.000000000), (0.000000495, 23.565600000), (0.000000426, 0.000000000), (0.000000506, 23.481600000), (0.000000425, 0.000000000), (0.000000513, 23.452800000), (0.000000429, 0.000000000), (0.000000482, 23.558400000), (0.000000360, 0.000000000), (0.000000478, 23.565600000), (0.000000377, 0.000000000), (0.000000490, 23.565600000), (0.000000389, 0.000000000), (0.000000490, 23.481600000), (0.000000383, 0.000000000), (0.000000503, 23.452800000), (0.000000418, 0.000000000), (0.000000478, 23.558400000), (0.000000396, 0.000000000), (0.000000481, 23.565600000), (0.000000397, 0.000000000), (0.000000493, 23.565600000), (0.000000397, 0.000000000), (0.000000544, 23.481600000), (0.000000404, 0.000000000), (0.000000509, 23.452800000), (0.000000424, 0.000000000), (0.000000483, 23.558400000), (0.000000386, 0.000000000), (0.000000482, 23.565600000), (0.000000395, 0.000000000), (0.000000531, 23.565600000), (0.000000456, 0.000000000), (0.000000517, 23.481600000), (0.000000470, 0.000000000), (0.000000547, 23.452800000), (0.000000412, 0.000000000), (0.000000519, 23.558400000), (0.000000401, 0.000000000), (0.000000527, 23.565600000), (0.000000412, 0.000000000), (0.000000503, 23.565600000), (0.000000405, 0.000000000), (0.000000516, 23.481600000), (0.000000419, 0.000000000), (0.000000512, 23.452800000), (0.000000422, 0.000000000), (0.000000497, 23.558400000), (0.000000379, 0.000000000), (0.000000502, 23.565600000), (0.000000390, 0.000000000), (0.000000525, 23.565600000), (0.000000492, 0.000000000), (0.000000535, 23.481600000), (0.000000422, 0.000000000), (0.000000513, 23.452800000), (0.000000435, 0.000000000), (0.000000538, 23.558400000), (0.000000443, 0.000000000), (0.000000563, 23.565600000), (0.000000448, 0.000000000), (0.000000591, 23.565600000), (0.000000680, 0.000000000), (0.000000584, 23.481600000), (0.000000509, 0.000000000), (0.000000674, 23.452800000), (0.000000480, 0.000000000), (0.000000519, 23.558400000), (0.000000426, 0.000000000), (0.000000530, 23.565600000), (0.000000431, 0.000000000), (0.000000694, 23.565600000), (0.000000451, 0.000000000), (0.000000548, 23.481600000), (0.000000443, 0.000000000), (0.000000559, 23.452800000), (0.000000696, 0.000000000), (0.000000525, 23.558400000), (0.000000598, 0.000000000), (0.000000536, 23.565600000), (0.000000434, 0.000000000), (0.000000603, 23.565600000), (0.000000441, 0.000000000), (0.000000655, 23.481600000), (0.000000454, 0.000000000), (0.000000594, 23.452800000), (0.000000441, 0.000000000), (0.000000498, 23.558400000), (0.000000442, 0.000000000), (0.000000516, 23.565600000), (0.000000438, 0.000000000), (0.000000513, 23.565600000), (0.000000507, 0.000000000), (0.000000602, 23.481600000), (0.000000422, 0.000000000), (0.000000525, 23.452800000), (0.000000414, 0.000000000)],
"best_16":[(0.000000577, 23.589600000), (0.000000467, 0.000000000), (0.000000580, 23.659200000), (0.000000450, 0.000000000), (0.000000547, 23.553600000), (0.000000450, 0.000000000), (0.000000572, 23.529600000), (0.000000577, 0.000000000), (0.000000599, 23.551200000), (0.000000501, 0.000000000), (0.000000556, 23.589600000), (0.000000468, 0.000000000), (0.000000699, 23.659200000), (0.000000560, 0.000000000), (0.000000650, 23.553600000), (0.000000496, 0.000000000), (0.000000712, 23.529600000), (0.000000503, 0.000000000), (0.000000752, 23.551200000), (0.000000493, 0.000000000), (0.000000598, 23.589600000), (0.000000448, 0.000000000), (0.000000613, 23.659200000), (0.000000446, 0.000000000), (0.000000606, 23.553600000), (0.000000508, 0.000000000), (0.000000574, 23.529600000), (0.000000467, 0.000000000), (0.000000583, 23.551200000), (0.000000548, 0.000000000), (0.000000541, 23.589600000), (0.000000476, 0.000000000), (0.000000540, 23.659200000), (0.000000444, 0.000000000), (0.000000543, 23.553600000), (0.000000458, 0.000000000), (0.000000569, 23.529600000), (0.000000459, 0.000000000), (0.000000661, 23.551200000), (0.000000667, 0.000000000), (0.000000569, 23.589600000), (0.000000448, 0.000000000), (0.000000590, 23.659200000), (0.000000458, 0.000000000), (0.000000559, 23.553600000), (0.000000477, 0.000000000), (0.000000565, 23.529600000), (0.000000466, 0.000000000), (0.000000571, 23.551200000), (0.000000465, 0.000000000), (0.000000546, 23.589600000), (0.000000432, 0.000000000), (0.000000537, 23.659200000), (0.000000446, 0.000000000), (0.000000545, 23.553600000), (0.000000452, 0.000000000), (0.000000519, 23.529600000), (0.000000457, 0.000000000), (0.000000551, 23.551200000), (0.000000465, 0.000000000), (0.000000592, 23.589600000), (0.000000466, 0.000000000), (0.000000524, 23.659200000), (0.000000479, 0.000000000), (0.000000608, 23.553600000), (0.000000504, 0.000000000), (0.000000592, 23.529600000), (0.000000721, 0.000000000), (0.000000592, 23.551200000), (0.000000482, 0.000000000), (0.000000563, 23.589600000), (0.000000497, 0.000000000), (0.000000580, 23.659200000), (0.000000543, 0.000000000), (0.000000631, 23.553600000), (0.000000479, 0.000000000), (0.000000551, 23.529600000), (0.000000444, 0.000000000), (0.000000565, 23.551200000), (0.000000475, 0.000000000), (0.000000584, 23.589600000), (0.000000455, 0.000000000), (0.000000541, 23.659200000), (0.000000451, 0.000000000), (0.000000533, 23.553600000), (0.000000494, 0.000000000), (0.000000560, 23.529600000), (0.000000460, 0.000000000), (0.000000565, 23.551200000), (0.000000559, 0.000000000), (0.000000545, 23.589600000), (0.000000446, 0.000000000), (0.000000539, 23.659200000), (0.000000456, 0.000000000), (0.000000534, 23.553600000), (0.000000497, 0.000000000), (0.000000561, 23.529600000), (0.000000454, 0.000000000), (0.000000594, 23.551200000), (0.000000478, 0.000000000)],
"best_17":[(0.000000799, 23.618400000), (0.000000508, 0.000000000), (0.000000623, 23.560800000), (0.000000536, 0.000000000), (0.000000711, 23.611200000), (0.000000560, 0.000000000), (0.000000677, 23.599200000), (0.000000542, 0.000000000), (0.000000789, 23.616000000), (0.000000583, 0.000000000), (0.000000661, 23.618400000), (0.000000541, 0.000000000), (0.000000658, 23.560800000), (0.000000555, 0.000000000), (0.000000669, 23.611200000), (0.000000577, 0.000000000), (0.000000732, 23.599200000), (0.000000589, 0.000000000), (0.000000813, 23.616000000), (0.000000554, 0.000000000), (0.000000680, 23.618400000), (0.000000539, 0.000000000), (0.000000798, 23.560800000), (0.000000543, 0.000000000), (0.000000659, 23.611200000), (0.000000594, 0.000000000), (0.000000708, 23.599200000), (0.000000617, 0.000000000), (0.000000706, 23.616000000), (0.000000569, 0.000000000), (0.000000746, 23.618400000), (0.000000536, 0.000000000), (0.000000682, 23.560800000), (0.000000561, 0.000000000), (0.000000918, 23.611200000), (0.000000553, 0.000000000), (0.000000707, 23.599200000), (0.000000647, 0.000000000), (0.000000681, 23.616000000), (0.000000610, 0.000000000), (0.000000819, 23.618400000), (0.000000601, 0.000000000), (0.000000700, 23.560800000), (0.000000535, 0.000000000), (0.000000695, 23.611200000), (0.000000528, 0.000000000), (0.000000660, 23.599200000), (0.000000541, 0.000000000), (0.000000672, 23.616000000), (0.000000584, 0.000000000), (0.000000664, 23.618400000), (0.000000548, 0.000000000), (0.000000689, 23.560800000), (0.000000580, 0.000000000), (0.000000696, 23.611200000), (0.000000541, 0.000000000), (0.000000649, 23.599200000), (0.000000582, 0.000000000), (0.000000648, 23.616000000), (0.000000578, 0.000000000), (0.000000699, 23.618400000), (0.000000509, 0.000000000), (0.000000818, 23.560800000), (0.000000522, 0.000000000), (0.000000741, 23.611200000), (0.000000577, 0.000000000), (0.000000643, 23.599200000), (0.000000599, 0.000000000), (0.000000808, 23.616000000), (0.000000798, 0.000000000), (0.000000782, 23.618400000), (0.000000609, 0.000000000), (0.000000820, 23.560800000), (0.000000558, 0.000000000), (0.000000664, 23.611200000), (0.000000680, 0.000000000), (0.000000660, 23.599200000), (0.000000555, 0.000000000), (0.000000695, 23.616000000), (0.000000583, 0.000000000), (0.000000810, 23.618400000), (0.000000535, 0.000000000), (0.000000653, 23.560800000), (0.000000507, 0.000000000), (0.000000629, 23.611200000), (0.000000550, 0.000000000), (0.000000669, 23.599200000), (0.000000564, 0.000000000), (0.000000795, 23.616000000), (0.000000597, 0.000000000), (0.000000803, 23.618400000), (0.000000504, 0.000000000), (0.000000634, 23.560800000), (0.000000517, 0.000000000), (0.000000654, 23.611200000), (0.000000582, 0.000000000), (0.000000689, 23.599200000), (0.000000577, 0.000000000), (0.000000720, 23.616000000), (0.000000560, 0.000000000)],
"best_18":[(0.000000938, 23.654400000), (0.000000611, 0.000000000), (0.000000804, 23.572800000), (0.000000637, 0.000000000), (0.000000805, 23.652000000), (0.000000652, 0.000000000), (0.000000842, 23.623200000), (0.000000682, 0.000000000), (0.000000832, 23.608800000), (0.000000711, 0.000000000), (0.000000823, 23.654400000), (0.000000664, 0.000000000), (0.000000860, 23.572800000), (0.000000693, 0.000000000), (0.000000879, 23.652000000), (0.000000660, 0.000000000), (0.000000851, 23.623200000), (0.000000754, 0.000000000), (0.000000883, 23.608800000), (0.000000672, 0.000000000), (0.000000874, 23.654400000), (0.000000633, 0.000000000), (0.000000799, 23.572800000), (0.000000650, 0.000000000), (0.000000778, 23.652000000), (0.000000637, 0.000000000), (0.000000815, 23.623200000), (0.000000636, 0.000000000), (0.000000810, 23.608800000), (0.000000664, 0.000000000), (0.000000869, 23.654400000), (0.000000624, 0.000000000), (0.000000826, 23.572800000), (0.000000635, 0.000000000), (0.000000795, 23.652000000), (0.000000654, 0.000000000), (0.000000812, 23.623200000), (0.000000644, 0.000000000), (0.000000831, 23.608800000), (0.000000661, 0.000000000), (0.000000792, 23.654400000), (0.000000616, 0.000000000), (0.000000815, 23.572800000), (0.000000657, 0.000000000), (0.000000849, 23.652000000), (0.000000685, 0.000000000), (0.000000810, 23.623200000), (0.000000653, 0.000000000), (0.000000811, 23.608800000), (0.000000700, 0.000000000), (0.000000793, 23.654400000), (0.000000597, 0.000000000), (0.000000800, 23.572800000), (0.000000613, 0.000000000), (0.000000781, 23.652000000), (0.000000621, 0.000000000), (0.000000816, 23.623200000), (0.000000661, 0.000000000), (0.000000827, 23.608800000), (0.000000675, 0.000000000), (0.000000855, 23.654400000), (0.000000689, 0.000000000), (0.000000841, 23.572800000), (0.000000640, 0.000000000), (0.000000811, 23.652000000), (0.000000712, 0.000000000), (0.000000822, 23.623200000), (0.000000712, 0.000000000), (0.000000978, 23.608800000), (0.000000690, 0.000000000), (0.000000799, 23.654400000), (0.000000619, 0.000000000), (0.000000798, 23.572800000), (0.000000646, 0.000000000), (0.000000858, 23.652000000), (0.000000646, 0.000000000), (0.000000875, 23.623200000), (0.000000726, 0.000000000), (0.000000973, 23.608800000), (0.000000686, 0.000000000), (0.000000793, 23.654400000), (0.000000609, 0.000000000), (0.000000807, 23.572800000), (0.000000621, 0.000000000), (0.000000848, 23.652000000), (0.000000656, 0.000000000), (0.000000847, 23.623200000), (0.000000677, 0.000000000), (0.000000822, 23.608800000), (0.000000670, 0.000000000), (0.000000806, 23.654400000), (0.000000615, 0.000000000), (0.000000956, 23.572800000), (0.000000628, 0.000000000), (0.000000805, 23.652000000), (0.000000643, 0.000000000), (0.000000835, 23.623200000), (0.000000659, 0.000000000), (0.000000821, 23.608800000), (0.000000663, 0.000000000)],
"best_19":[(0.000000973, 23.601600000), (0.000000811, 0.000000000), (0.000000999, 23.628000000), (0.000000761, 0.000000000), (0.000001000, 23.642400000), (0.000000759, 0.000000000), (0.000000990, 23.632800000), (0.000000786, 0.000000000), (0.000001003, 23.620800000), (0.000000793, 0.000000000), (0.000001014, 23.601600000), (0.000000789, 0.000000000), (0.000001017, 23.628000000), (0.000000762, 0.000000000), (0.000000982, 23.642400000), (0.000000765, 0.000000000), (0.000000981, 23.632800000), (0.000000752, 0.000000000), (0.000000961, 23.620800000), (0.000000748, 0.000000000), (0.000001145, 23.601600000), (0.000000875, 0.000000000), (0.000001084, 23.628000000), (0.000000808, 0.000000000), (0.000001072, 23.642400000), (0.000000756, 0.000000000), (0.000000982, 23.632800000), (0.000000842, 0.000000000), (0.000001033, 23.620800000), (0.000000788, 0.000000000), (0.000000989, 23.601600000), (0.000000726, 0.000000000), (0.000000971, 23.628000000), (0.000000730, 0.000000000), (0.000000970, 23.642400000), (0.000000733, 0.000000000), (0.000000963, 23.632800000), (0.000000759, 0.000000000), (0.000000975, 23.620800000), (0.000000789, 0.000000000), (0.000001082, 23.601600000), (0.000000741, 0.000000000), (0.000000986, 23.628000000), (0.000000742, 0.000000000), (0.000000980, 23.642400000), (0.000000813, 0.000000000), (0.000001090, 23.632800000), (0.000000776, 0.000000000), (0.000000989, 23.620800000), (0.000000778, 0.000000000), (0.000001107, 23.601600000), (0.000000750, 0.000000000), (0.000000969, 23.628000000), (0.000000785, 0.000000000), (0.000000987, 23.642400000), (0.000000812, 0.000000000), (0.000000996, 23.632800000), (0.000000793, 0.000000000), (0.000000981, 23.620800000), (0.000000772, 0.000000000), (0.000001071, 23.601600000), (0.000000711, 0.000000000), (0.000001028, 23.628000000), (0.000000738, 0.000000000), (0.000001025, 23.642400000), (0.000000756, 0.000000000), (0.000000975, 23.632800000), (0.000000764, 0.000000000), (0.000001045, 23.620800000), (0.000000784, 0.000000000), (0.000001047, 23.601600000), (0.000000730, 0.000000000), (0.000000967, 23.628000000), (0.000000734, 0.000000000), (0.000000973, 23.642400000), (0.000000736, 0.000000000), (0.000000963, 23.632800000), (0.000000763, 0.000000000), (0.000000990, 23.620800000), (0.000000792, 0.000000000), (0.000001005, 23.601600000), (0.000000737, 0.000000000), (0.000000964, 23.628000000), (0.000000783, 0.000000000), (0.000001019, 23.642400000), (0.000000756, 0.000000000), (0.000000966, 23.632800000), (0.000000770, 0.000000000), (0.000001007, 23.620800000), (0.000000910, 0.000000000), (0.000000928, 23.601600000), (0.000000701, 0.000000000), (0.000001050, 23.628000000), (0.000000755, 0.000000000), (0.000001008, 23.642400000), (0.000000779, 0.000000000), (0.000001001, 23.632800000), (0.000000813, 0.000000000), (0.000000984, 23.620800000), (0.000000804, 0.000000000)],
"best_20":[(0.000001212, 23.601600000), (0.000000898, 0.000000000), (0.000001215, 23.534400000), (0.000000928, 0.000000000), (0.000001166, 23.654400000), (0.000000925, 0.000000000), (0.000001179, 23.582400000), (0.000000934, 0.000000000), (0.000001171, 23.652000000), (0.000000981, 0.000000000), (0.000001161, 23.601600000), (0.000000835, 0.000000000), (0.000001135, 23.534400000), (0.000000827, 0.000000000), (0.000001185, 23.654400000), (0.000000857, 0.000000000), (0.000001181, 23.582400000), (0.000000930, 0.000000000), (0.000001129, 23.652000000), (0.000000871, 0.000000000), (0.000001199, 23.601600000), (0.000000832, 0.000000000), (0.000001153, 23.534400000), (0.000000856, 0.000000000), (0.000001163, 23.654400000), (0.000000860, 0.000000000), (0.000001152, 23.582400000), (0.000000953, 0.000000000), (0.000001131, 23.652000000), (0.000000864, 0.000000000), (0.000001226, 23.601600000), (0.000000844, 0.000000000), (0.000001138, 23.534400000), (0.000000836, 0.000000000), (0.000001289, 23.654400000), (0.000000910, 0.000000000), (0.000001264, 23.582400000), (0.000000958, 0.000000000), (0.000001247, 23.652000000), (0.000001001, 0.000000000), (0.000001194, 23.601600000), (0.000000839, 0.000000000), (0.000001157, 23.534400000), (0.000000837, 0.000000000), (0.000001132, 23.654400000), (0.000000862, 0.000000000), (0.000001158, 23.582400000), (0.000000872, 0.000000000), (0.000001206, 23.652000000), (0.000000867, 0.000000000), (0.000001144, 23.601600000), (0.000000866, 0.000000000), (0.000001147, 23.534400000), (0.000000860, 0.000000000), (0.000001159, 23.654400000), (0.000000873, 0.000000000), (0.000001123, 23.582400000), (0.000000876, 0.000000000), (0.000001128, 23.652000000), (0.000000879, 0.000000000), (0.000001194, 23.601600000), (0.000000839, 0.000000000), (0.000001222, 23.534400000), (0.000000861, 0.000000000), (0.000001147, 23.654400000), (0.000000859, 0.000000000), (0.000001141, 23.582400000), (0.000000882, 0.000000000), (0.000001116, 23.652000000), (0.000000882, 0.000000000), (0.000001151, 23.601600000), (0.000000827, 0.000000000), (0.000001137, 23.534400000), (0.000000826, 0.000000000), (0.000001171, 23.654400000), (0.000000874, 0.000000000), (0.000001132, 23.582400000), (0.000000863, 0.000000000), (0.000001135, 23.652000000), (0.000000878, 0.000000000), (0.000001155, 23.601600000), (0.000000854, 0.000000000), (0.000001171, 23.534400000), (0.000000861, 0.000000000), (0.000001155, 23.654400000), (0.000000875, 0.000000000), (0.000001191, 23.582400000), (0.000000874, 0.000000000), (0.000001145, 23.652000000), (0.000000895, 0.000000000), (0.000001179, 23.601600000), (0.000000889, 0.000000000), (0.000001237, 23.534400000), (0.000000861, 0.000000000), (0.000001158, 23.654400000), (0.000000862, 0.000000000), (0.000001125, 23.582400000), (0.000000881, 0.000000000), (0.000001205, 23.652000000), (0.000000878, 0.000000000)],
"best_21":[(0.000001550, 23.630400000), (0.000001068, 0.000000000), (0.000001460, 23.613600000), (0.000001070, 0.000000000), (0.000001405, 23.618400000), (0.000001127, 0.000000000), (0.000001397, 23.635200000), (0.000001087, 0.000000000), (0.000001416, 23.592000000), (0.000001090, 0.000000000), (0.000001362, 23.630400000), (0.000001068, 0.000000000), (0.000001387, 23.613600000), (0.000001012, 0.000000000), (0.000001333, 23.618400000), (0.000001012, 0.000000000), (0.000001322, 23.635200000), (0.000001019, 0.000000000), (0.000001304, 23.592000000), (0.000001025, 0.000000000), (0.000001421, 23.630400000), (0.000001138, 0.000000000), (0.000001637, 23.613600000), (0.000001093, 0.000000000), (0.000001547, 23.618400000), (0.000001225, 0.000000000), (0.000001451, 23.635200000), (0.000001084, 0.000000000), (0.000001379, 23.592000000), (0.000001080, 0.000000000), (0.000001364, 23.630400000), (0.000001016, 0.000000000), (0.000001324, 23.613600000), (0.000000994, 0.000000000), (0.000001305, 23.618400000), (0.000000999, 0.000000000), (0.000001315, 23.635200000), (0.000001092, 0.000000000), (0.000001328, 23.592000000), (0.000001025, 0.000000000), (0.000001399, 23.630400000), (0.000001153, 0.000000000), (0.000001318, 23.613600000), (0.000001005, 0.000000000), (0.000001383, 23.618400000), (0.000001012, 0.000000000), (0.000001354, 23.635200000), (0.000001031, 0.000000000), (0.000001314, 23.592000000), (0.000001029, 0.000000000), (0.000001284, 23.630400000), (0.000001004, 0.000000000), (0.000001453, 23.613600000), (0.000000978, 0.000000000), (0.000001318, 23.618400000), (0.000001005, 0.000000000), (0.000001302, 23.635200000), (0.000000993, 0.000000000), (0.000001286, 23.592000000), (0.000001005, 0.000000000), (0.000001322, 23.630400000), (0.000001022, 0.000000000), (0.000001334, 23.613600000), (0.000001011, 0.000000000), (0.000001369, 23.618400000), (0.000001037, 0.000000000), (0.000001362, 23.635200000), (0.000001018, 0.000000000), (0.000001306, 23.592000000), (0.000001229, 0.000000000), (0.000001372, 23.630400000), (0.000000994, 0.000000000), (0.000001374, 23.613600000), (0.000000990, 0.000000000), (0.000001319, 23.618400000), (0.000001012, 0.000000000), (0.000001314, 23.635200000), (0.000001015, 0.000000000), (0.000001334, 23.592000000), (0.000001076, 0.000000000), (0.000001391, 23.630400000), (0.000001028, 0.000000000), (0.000001425, 23.613600000), (0.000001032, 0.000000000), (0.000001378, 23.618400000), (0.000001060, 0.000000000), (0.000001350, 23.635200000), (0.000001015, 0.000000000), (0.000001441, 23.592000000), (0.000001066, 0.000000000), (0.000001350, 23.630400000), (0.000001046, 0.000000000), (0.000001450, 23.613600000), (0.000001006, 0.000000000), (0.000001473, 23.618400000), (0.000001120, 0.000000000), (0.000001476, 23.635200000), (0.000001153, 0.000000000), (0.000001380, 23.592000000), (0.000000989, 0.000000000)],
"best_22":[(0.000002061, 23.630400000), (0.000001589, 0.000000000), (0.000002914, 23.613600000), (0.000001826, 0.000000000), (0.000002330, 23.656800000), (0.000001778, 0.000000000), (0.000002204, 23.611200000), (0.000001777, 0.000000000), (0.000002774, 23.601600000), (0.000002630, 0.000000000), (0.000001882, 23.630400000), (0.000001463, 0.000000000), (0.000004054, 23.613600000), (0.000001939, 0.000000000), (0.000003032, 23.656800000), (0.000002058, 0.000000000), (0.000002345, 23.611200000), (0.000001863, 0.000000000), (0.000002324, 23.601600000), (0.000001481, 0.000000000), (0.000001823, 23.630400000), (0.000001310, 0.000000000), (0.000001862, 23.613600000), (0.000001351, 0.000000000), (0.000001761, 23.656800000), (0.000001381, 0.000000000), (0.000001774, 23.611200000), (0.000001303, 0.000000000), (0.000001731, 23.601600000), (0.000001407, 0.000000000), (0.000001943, 23.630400000), (0.000001614, 0.000000000), (0.000002080, 23.613600000), (0.000001572, 0.000000000), (0.000001628, 23.656800000), (0.000001317, 0.000000000), (0.000001674, 23.611200000), (0.000001339, 0.000000000), (0.000001855, 23.601600000), (0.000001435, 0.000000000), (0.000002042, 23.630400000), (0.000001451, 0.000000000), (0.000001816, 23.613600000), (0.000001229, 0.000000000), (0.000001848, 23.656800000), (0.000001303, 0.000000000), (0.000001714, 23.611200000), (0.000001371, 0.000000000), (0.000001815, 23.601600000), (0.000001389, 0.000000000), (0.000001799, 23.630400000), (0.000001277, 0.000000000), (0.000001768, 23.613600000), (0.000001327, 0.000000000), (0.000001705, 23.656800000), (0.000001218, 0.000000000), (0.000001807, 23.611200000), (0.000001401, 0.000000000), (0.000001680, 23.601600000), (0.000001279, 0.000000000), (0.000002929, 23.630400000), (0.000001679, 0.000000000), (0.000002670, 23.613600000), (0.000001726, 0.000000000), (0.000002609, 23.656800000), (0.000001516, 0.000000000), (0.000001946, 23.611200000), (0.000001415, 0.000000000), (0.000001941, 23.601600000), (0.000001478, 0.000000000), (0.000001606, 23.630400000), (0.000001195, 0.000000000), (0.000001609, 23.613600000), (0.000001199, 0.000000000), (0.000001804, 23.656800000), (0.000001217, 0.000000000), (0.000001645, 23.611200000), (0.000001214, 0.000000000), (0.000001576, 23.601600000), (0.000001347, 0.000000000), (0.000001983, 23.630400000), (0.000001438, 0.000000000), (0.000001838, 23.613600000), (0.000001394, 0.000000000), (0.000001823, 23.656800000), (0.000001269, 0.000000000), (0.000001851, 23.611200000), (0.000001342, 0.000000000), (0.000001646, 23.601600000), (0.000001362, 0.000000000), (0.000001750, 23.630400000), (0.000001205, 0.000000000), (0.000001859, 23.613600000), (0.000001251, 0.000000000), (0.000001877, 23.656800000), (0.000001494, 0.000000000), (0.000001777, 23.611200000), (0.000001347, 0.000000000), (0.000001820, 23.601600000), (0.000001380, 0.000000000)],
"best_23":[(0.000002151, 23.620800000), (0.000001619, 0.000000000), (0.000002050, 23.594400000), (0.000001576, 0.000000000), (0.000002228, 23.565600000), (0.000001763, 0.000000000), (0.000002379, 23.649600000), (0.000001759, 0.000000000), (0.000002250, 23.584800000), (0.000001662, 0.000000000), (0.000002086, 23.620800000), (0.000001489, 0.000000000), (0.000002040, 23.594400000), (0.000001572, 0.000000000), (0.000002030, 23.565600000), (0.000001457, 0.000000000), (0.000002116, 23.649600000), (0.000001517, 0.000000000), (0.000002205, 23.584800000), (0.000001505, 0.000000000), (0.000002195, 23.620800000), (0.000001612, 0.000000000), (0.000002145, 23.594400000), (0.000001965, 0.000000000), (0.000002256, 23.565600000), (0.000001647, 0.000000000), (0.000002245, 23.649600000), (0.000001848, 0.000000000), (0.000002065, 23.584800000), (0.000001861, 0.000000000), (0.000002066, 23.620800000), (0.000001985, 0.000000000), (0.000002326, 23.594400000), (0.000001786, 0.000000000), (0.000002271, 23.565600000), (0.000001857, 0.000000000), (0.000002152, 23.649600000), (0.000001682, 0.000000000), (0.000001987, 23.584800000), (0.000001525, 0.000000000), (0.000002206, 23.620800000), (0.000001757, 0.000000000), (0.000002206, 23.594400000), (0.000001718, 0.000000000), (0.000001929, 23.565600000), (0.000001645, 0.000000000), (0.000002144, 23.649600000), (0.000001722, 0.000000000), (0.000002265, 23.584800000), (0.000001976, 0.000000000), (0.000001900, 23.620800000), (0.000001461, 0.000000000), (0.000001980, 23.594400000), (0.000001499, 0.000000000), (0.000002134, 23.565600000), (0.000001507, 0.000000000), (0.000001945, 23.649600000), (0.000001478, 0.000000000), (0.000002165, 23.584800000), (0.000001528, 0.000000000), (0.000001839, 23.620800000), (0.000001385, 0.000000000), (0.000001943, 23.594400000), (0.000001440, 0.000000000), (0.000001850, 23.565600000), (0.000001395, 0.000000000), (0.000001868, 23.649600000), (0.000001402, 0.000000000), (0.000001850, 23.584800000), (0.000001425, 0.000000000), (0.000001920, 23.620800000), (0.000001375, 0.000000000), (0.000001843, 23.594400000), (0.000001538, 0.000000000), (0.000001977, 23.565600000), (0.000001387, 0.000000000), (0.000001835, 23.649600000), (0.000001460, 0.000000000), (0.000001837, 23.584800000), (0.000001407, 0.000000000), (0.000001948, 23.620800000), (0.000001439, 0.000000000), (0.000001859, 23.594400000), (0.000001401, 0.000000000), (0.000001986, 23.565600000), (0.000001372, 0.000000000), (0.000001868, 23.649600000), (0.000001399, 0.000000000), (0.000001876, 23.584800000), (0.000001551, 0.000000000), (0.000001845, 23.620800000), (0.000001387, 0.000000000), (0.000001863, 23.594400000), (0.000001392, 0.000000000), (0.000001811, 23.565600000), (0.000001469, 0.000000000), (0.000001877, 23.649600000), (0.000001396, 0.000000000), (0.000001815, 23.584800000), (0.000001424, 0.000000000)],
"best_24":[(0.000002347, 23.604000000), (0.000001686, 0.000000000), (0.000002343, 23.594400000), (0.000001730, 0.000000000), (0.000002331, 23.644800000), (0.000002041, 0.000000000), (0.000002630, 23.592000000), (0.000001867, 0.000000000), (0.000002208, 23.683200000), (0.000001751, 0.000000000), (0.000002124, 23.604000000), (0.000001663, 0.000000000), (0.000002255, 23.594400000), (0.000001653, 0.000000000), (0.000002193, 23.644800000), (0.000001674, 0.000000000), (0.000002176, 23.592000000), (0.000001631, 0.000000000), (0.000002221, 23.683200000), (0.000001616, 0.000000000), (0.000002073, 23.604000000), (0.000001565, 0.000000000), (0.000002240, 23.594400000), (0.000001552, 0.000000000), (0.000002185, 23.644800000), (0.000001625, 0.000000000), (0.000002119, 23.592000000), (0.000001574, 0.000000000), (0.000002151, 23.683200000), (0.000002766, 0.000000000), (0.000002225, 23.604000000), (0.000001936, 0.000000000), (0.000002210, 23.594400000), (0.000001584, 0.000000000), (0.000002115, 23.644800000), (0.000001652, 0.000000000), (0.000002091, 23.592000000), (0.000001663, 0.000000000), (0.000002086, 23.683200000), (0.000001623, 0.000000000), (0.000002359, 23.604000000), (0.000001720, 0.000000000), (0.000002329, 23.594400000), (0.000001603, 0.000000000), (0.000002157, 23.644800000), (0.000001589, 0.000000000), (0.000002180, 23.592000000), (0.000001591, 0.000000000), (0.000002543, 23.683200000), (0.000001621, 0.000000000), (0.000002056, 23.604000000), (0.000001633, 0.000000000), (0.000002218, 23.594400000), (0.000001594, 0.000000000), (0.000002253, 23.644800000), (0.000002342, 0.000000000), (0.000002536, 23.592000000), (0.000001627, 0.000000000), (0.000002256, 23.683200000), (0.000001597, 0.000000000), (0.000002270, 23.604000000), (0.000001581, 0.000000000), (0.000002218, 23.594400000), (0.000001632, 0.000000000), (0.000002325, 23.644800000), (0.000001619, 0.000000000), (0.000002559, 23.592000000), (0.000001641, 0.000000000), (0.000002409, 23.683200000), (0.000001779, 0.000000000), (0.000002129, 23.604000000), (0.000001862, 0.000000000), (0.000002660, 23.594400000), (0.000002003, 0.000000000), (0.000002327, 23.644800000), (0.000001591, 0.000000000), (0.000002222, 23.592000000), (0.000002707, 0.000000000), (0.000002267, 23.683200000), (0.000001936, 0.000000000), (0.000002162, 23.604000000), (0.000001705, 0.000000000), (0.000002355, 23.594400000), (0.000001690, 0.000000000), (0.000002268, 23.644800000), (0.000001727, 0.000000000), (0.000002358, 23.592000000), (0.000001686, 0.000000000), (0.000002501, 23.683200000), (0.000001669, 0.000000000), (0.000002041, 23.604000000), (0.000001587, 0.000000000), (0.000002169, 23.594400000), (0.000001573, 0.000000000), (0.000002233, 23.644800000), (0.000001637, 0.000000000), (0.000002158, 23.592000000), (0.000001641, 0.000000000), (0.000002257, 23.683200000), (0.000002097, 0.000000000)],
"best_25":[(0.000003992, 23.671200000), (0.000002829, 0.000000000), (0.000003655, 23.611200000), (0.000002591, 0.000000000), (0.000003208, 23.620800000), (0.000002433, 0.000000000), (0.000003446, 23.606400000), (0.000002360, 0.000000000), (0.000003152, 23.642400000), (0.000002301, 0.000000000), (0.000002467, 23.671200000), (0.000001849, 0.000000000), (0.000002679, 23.611200000), (0.000001904, 0.000000000), (0.000002527, 23.620800000), (0.000001886, 0.000000000), (0.000002547, 23.606400000), (0.000001920, 0.000000000), (0.000002542, 23.642400000), (0.000002239, 0.000000000), (0.000002553, 23.671200000), (0.000001863, 0.000000000), (0.000002599, 23.611200000), (0.000001847, 0.000000000), (0.000002541, 23.620800000), (0.000001961, 0.000000000), (0.000002560, 23.606400000), (0.000001898, 0.000000000), (0.000002739, 23.642400000), (0.000001932, 0.000000000), (0.000002498, 23.671200000), (0.000001797, 0.000000000), (0.000002507, 23.611200000), (0.000001837, 0.000000000), (0.000002492, 23.620800000), (0.000002567, 0.000000000), (0.000003386, 23.606400000), (0.000002134, 0.000000000), (0.000002613, 23.642400000), (0.000002558, 0.000000000), (0.000002494, 23.671200000), (0.000001859, 0.000000000), (0.000002633, 23.611200000), (0.000001873, 0.000000000), (0.000002550, 23.620800000), (0.000001878, 0.000000000), (0.000002537, 23.606400000), (0.000001796, 0.000000000), (0.000002509, 23.642400000), (0.000001833, 0.000000000), (0.000002482, 23.671200000), (0.000001895, 0.000000000), (0.000002651, 23.611200000), (0.000001868, 0.000000000), (0.000002612, 23.620800000), (0.000002071, 0.000000000), (0.000002660, 23.606400000), (0.000002001, 0.000000000), (0.000002602, 23.642400000), (0.000001933, 0.000000000), (0.000002474, 23.671200000), (0.000001838, 0.000000000), (0.000002615, 23.611200000), (0.000001921, 0.000000000), (0.000002574, 23.620800000), (0.000001832, 0.000000000), (0.000002487, 23.606400000), (0.000001856, 0.000000000), (0.000002535, 23.642400000), (0.000001838, 0.000000000), (0.000002498, 23.671200000), (0.000001915, 0.000000000), (0.000002569, 23.611200000), (0.000001885, 0.000000000), (0.000002525, 23.620800000), (0.000001817, 0.000000000), (0.000002678, 23.606400000), (0.000002053, 0.000000000), (0.000002790, 23.642400000), (0.000002005, 0.000000000), (0.000002347, 23.671200000), (0.000001823, 0.000000000), (0.000002820, 23.611200000), (0.000001854, 0.000000000), (0.000002467, 23.620800000), (0.000001769, 0.000000000), (0.000002444, 23.606400000), (0.000001815, 0.000000000), (0.000002436, 23.642400000), (0.000001784, 0.000000000), (0.000002577, 23.671200000), (0.000001857, 0.000000000), (0.000002527, 23.611200000), (0.000001838, 0.000000000), (0.000002623, 23.620800000), (0.000001861, 0.000000000), (0.000002510, 23.606400000), (0.000001803, 0.000000000), (0.000002521, 23.642400000), (0.000001834, 0.000000000)],
"worst_21":[(0.000000507, 23.534400000), (0.000000533, 0.000000000), (0.000000497, 23.544000000), (0.000000408, 0.000000000), (0.000000516, 23.515200000), (0.000000425, 0.000000000), (0.000000539, 23.510400000), (0.000000452, 0.000000000), (0.000000562, 23.469600000), (0.000000446, 0.000000000), (0.000000538, 23.534400000), (0.000000417, 0.000000000), (0.000000498, 23.544000000), (0.000000406, 0.000000000), (0.000000519, 23.515200000), (0.000000428, 0.000000000), (0.000000527, 23.510400000), (0.000000414, 0.000000000), (0.000000538, 23.469600000), (0.000000440, 0.000000000), (0.000000524, 23.534400000), (0.000000441, 0.000000000), (0.000000546, 23.544000000), (0.000000436, 0.000000000), (0.000000512, 23.515200000), (0.000000411, 0.000000000), (0.000000528, 23.510400000), (0.000000441, 0.000000000), (0.000000548, 23.469600000), (0.000000436, 0.000000000), (0.000000524, 23.534400000), (0.000000441, 0.000000000), (0.000000542, 23.544000000), (0.000000429, 0.000000000), (0.000000515, 23.515200000), (0.000000415, 0.000000000), (0.000000537, 23.510400000), (0.000000439, 0.000000000), (0.000000562, 23.469600000), (0.000000444, 0.000000000), (0.000000497, 23.534400000), (0.000000415, 0.000000000), (0.000000548, 23.544000000), (0.000000439, 0.000000000), (0.000000610, 23.515200000), (0.000000481, 0.000000000), (0.000000560, 23.510400000), (0.000000423, 0.000000000), (0.000000532, 23.469600000), (0.000000436, 0.000000000), (0.000000494, 23.534400000), (0.000000417, 0.000000000), (0.000000528, 23.544000000), (0.000000437, 0.000000000), (0.000000528, 23.515200000), (0.000000464, 0.000000000), (0.000000536, 23.510400000), (0.000000427, 0.000000000), (0.000000532, 23.469600000), (0.000000447, 0.000000000), (0.000000505, 23.534400000), (0.000000416, 0.000000000), (0.000000512, 23.544000000), (0.000000417, 0.000000000), (0.000000646, 23.515200000), (0.000000454, 0.000000000), (0.000000544, 23.510400000), (0.000000445, 0.000000000), (0.000000537, 23.469600000), (0.000000434, 0.000000000), (0.000000508, 23.534400000), (0.000000430, 0.000000000), (0.000000540, 23.544000000), (0.000000447, 0.000000000), (0.000000557, 23.515200000), (0.000000461, 0.000000000), (0.000000555, 23.510400000), (0.000000461, 0.000000000), (0.000000538, 23.469600000), (0.000000432, 0.000000000), (0.000000514, 23.534400000), (0.000000413, 0.000000000), (0.000000536, 23.544000000), (0.000000413, 0.000000000), (0.000000581, 23.515200000), (0.000000498, 0.000000000), (0.000000615, 23.510400000), (0.000000543, 0.000000000), (0.000000662, 23.469600000), (0.000000639, 0.000000000), (0.000000522, 23.534400000), (0.000000482, 0.000000000), (0.000000585, 23.544000000), (0.000000437, 0.000000000), (0.000000550, 23.515200000), (0.000000461, 0.000000000), (0.000000542, 23.510400000), (0.000000446, 0.000000000), (0.000000575, 23.469600000), (0.000000468, 0.000000000)],
"worst_22":[(0.000000561, 23.589600000), (0.000000634, 0.000000000), (0.000000541, 23.596800000), (0.000000622, 0.000000000), (0.000000555, 23.570400000), (0.000000477, 0.000000000), (0.000000551, 23.527200000), (0.000000477, 0.000000000), (0.000000641, 23.534400000), (0.000000487, 0.000000000), (0.000000559, 23.589600000), (0.000000511, 0.000000000), (0.000000587, 23.596800000), (0.000000475, 0.000000000), (0.000000564, 23.570400000), (0.000000439, 0.000000000), (0.000000553, 23.527200000), (0.000000467, 0.000000000), (0.000000591, 23.534400000), (0.000000562, 0.000000000), (0.000000550, 23.589600000), (0.000000446, 0.000000000), (0.000000539, 23.596800000), (0.000000476, 0.000000000), (0.000000733, 23.570400000), (0.000000706, 0.000000000), (0.000000591, 23.527200000), (0.000000506, 0.000000000), (0.000000572, 23.534400000), (0.000000476, 0.000000000), (0.000000553, 23.589600000), (0.000000477, 0.000000000), (0.000000612, 23.596800000), (0.000000496, 0.000000000), (0.000000591, 23.570400000), (0.000000475, 0.000000000), (0.000000646, 23.527200000), (0.000000464, 0.000000000), (0.000000563, 23.534400000), (0.000000456, 0.000000000), (0.000000541, 23.589600000), (0.000000424, 0.000000000), (0.000000715, 23.596800000), (0.000000432, 0.000000000), (0.000000545, 23.570400000), (0.000000450, 0.000000000), (0.000000590, 23.527200000), (0.000000449, 0.000000000), (0.000000602, 23.534400000), (0.000000566, 0.000000000), (0.000000554, 23.589600000), (0.000000446, 0.000000000), (0.000000526, 23.596800000), (0.000000440, 0.000000000), (0.000000546, 23.570400000), (0.000000466, 0.000000000), (0.000000549, 23.527200000), (0.000000523, 0.000000000), (0.000000547, 23.534400000), (0.000000470, 0.000000000), (0.000000579, 23.589600000), (0.000000469, 0.000000000), (0.000000592, 23.596800000), (0.000000463, 0.000000000), (0.000000559, 23.570400000), (0.000000463, 0.000000000), (0.000000582, 23.527200000), (0.000000508, 0.000000000), (0.000000589, 23.534400000), (0.000000495, 0.000000000), (0.000000591, 23.589600000), (0.000000502, 0.000000000), (0.000000571, 23.596800000), (0.000000516, 0.000000000), (0.000000540, 23.570400000), (0.000000441, 0.000000000), (0.000000561, 23.527200000), (0.000000462, 0.000000000), (0.000000580, 23.534400000), (0.000000465, 0.000000000), (0.000000579, 23.589600000), (0.000000530, 0.000000000), (0.000000601, 23.596800000), (0.000000490, 0.000000000), (0.000000577, 23.570400000), (0.000000476, 0.000000000), (0.000000578, 23.527200000), (0.000000483, 0.000000000), (0.000000599, 23.534400000), (0.000000510, 0.000000000), (0.000000552, 23.589600000), (0.000000472, 0.000000000), (0.000000586, 23.596800000), (0.000000605, 0.000000000), (0.000000565, 23.570400000), (0.000000447, 0.000000000), (0.000000561, 23.527200000), (0.000000503, 0.000000000), (0.000000585, 23.534400000), (0.000000502, 0.000000000)],
"worst_23":[(0.000000629, 23.568000000), (0.000000542, 0.000000000), (0.000000626, 23.580000000), (0.000000542, 0.000000000), (0.000000629, 23.647200000), (0.000000599, 0.000000000), (0.000000643, 23.608800000), (0.000000558, 0.000000000), (0.000000652, 23.563200000), (0.000000560, 0.000000000), (0.000000612, 23.568000000), (0.000000563, 0.000000000), (0.000000622, 23.580000000), (0.000000505, 0.000000000), (0.000000699, 23.647200000), (0.000000477, 0.000000000), (0.000000632, 23.608800000), (0.000000498, 0.000000000), (0.000000638, 23.563200000), (0.000000542, 0.000000000), (0.000000624, 23.568000000), (0.000000554, 0.000000000), (0.000000616, 23.580000000), (0.000000524, 0.000000000), (0.000000596, 23.647200000), (0.000000538, 0.000000000), (0.000000648, 23.608800000), (0.000000611, 0.000000000), (0.000000652, 23.563200000), (0.000000544, 0.000000000), (0.000000620, 23.568000000), (0.000000644, 0.000000000), (0.000000724, 23.580000000), (0.000000671, 0.000000000), (0.000000710, 23.647200000), (0.000000690, 0.000000000), (0.000000831, 23.608800000), (0.000000711, 0.000000000), (0.000000880, 23.563200000), (0.000000761, 0.000000000), (0.000000744, 23.568000000), (0.000000574, 0.000000000), (0.000000634, 23.580000000), (0.000000558, 0.000000000), (0.000000683, 23.647200000), (0.000000778, 0.000000000), (0.000000694, 23.608800000), (0.000000605, 0.000000000), (0.000000838, 23.563200000), (0.000000576, 0.000000000), (0.000000701, 23.568000000), (0.000000713, 0.000000000), (0.000000820, 23.580000000), (0.000000575, 0.000000000), (0.000000635, 23.647200000), (0.000000550, 0.000000000), (0.000000667, 23.608800000), (0.000000563, 0.000000000), (0.000000856, 23.563200000), (0.000000792, 0.000000000), (0.000000832, 23.568000000), (0.000000779, 0.000000000), (0.000000878, 23.580000000), (0.000000709, 0.000000000), (0.000000833, 23.647200000), (0.000000695, 0.000000000), (0.000000893, 23.608800000), (0.000000771, 0.000000000), (0.000000957, 23.563200000), (0.000000815, 0.000000000), (0.000000702, 23.568000000), (0.000000604, 0.000000000), (0.000000699, 23.580000000), (0.000000714, 0.000000000), (0.000000800, 23.647200000), (0.000000653, 0.000000000), (0.000000763, 23.608800000), (0.000000639, 0.000000000), (0.000000862, 23.563200000), (0.000000731, 0.000000000), (0.000000706, 23.568000000), (0.000000668, 0.000000000), (0.000000819, 23.580000000), (0.000000798, 0.000000000), (0.000000791, 23.647200000), (0.000000623, 0.000000000), (0.000000923, 23.608800000), (0.000000855, 0.000000000), (0.000000969, 23.563200000), (0.000000773, 0.000000000), (0.000000766, 23.568000000), (0.000000612, 0.000000000), (0.000000837, 23.580000000), (0.000000887, 0.000000000), (0.000000645, 23.647200000), (0.000000679, 0.000000000), (0.000000689, 23.608800000), (0.000000584, 0.000000000), (0.000000938, 23.563200000), (0.000000644, 0.000000000)],
"worst_24":[(0.000000870, 23.608800000), (0.000000719, 0.000000000), (0.000000812, 23.606400000), (0.000001038, 0.000000000), (0.000000947, 23.656800000), (0.000000770, 0.000000000), (0.000000960, 23.580000000), (0.000000706, 0.000000000), (0.000000921, 23.584800000), (0.000000828, 0.000000000), (0.000001007, 23.608800000), (0.000000881, 0.000000000), (0.000000994, 23.606400000), (0.000000845, 0.000000000), (0.000001042, 23.656800000), (0.000000717, 0.000000000), (0.000000931, 23.580000000), (0.000000809, 0.000000000), (0.000000997, 23.584800000), (0.000000850, 0.000000000), (0.000000911, 23.608800000), (0.000000955, 0.000000000), (0.000000999, 23.606400000), (0.000000824, 0.000000000), (0.000001024, 23.656800000), (0.000000656, 0.000000000), (0.000001319, 23.580000000), (0.000000970, 0.000000000), (0.000000960, 23.584800000), (0.000000673, 0.000000000), (0.000000955, 23.608800000), (0.000000789, 0.000000000), (0.000000789, 23.606400000), (0.000000735, 0.000000000), (0.000001209, 23.656800000), (0.000001144, 0.000000000), (0.000001083, 23.580000000), (0.000000998, 0.000000000), (0.000001158, 23.584800000), (0.000000839, 0.000000000), (0.000000821, 23.608800000), (0.000000877, 0.000000000), (0.000001249, 23.606400000), (0.000001141, 0.000000000), (0.000001037, 23.656800000), (0.000000957, 0.000000000), (0.000001265, 23.580000000), (0.000000978, 0.000000000), (0.000001267, 23.584800000), (0.000000756, 0.000000000), (0.000000830, 23.608800000), (0.000000783, 0.000000000), (0.000000875, 23.606400000), (0.000000747, 0.000000000), (0.000000756, 23.656800000), (0.000000644, 0.000000000), (0.000000747, 23.580000000), (0.000000772, 0.000000000), (0.000000797, 23.584800000), (0.000000700, 0.000000000), (0.000000761, 23.608800000), (0.000000685, 0.000000000), (0.000000714, 23.606400000), (0.000000745, 0.000000000), (0.000000726, 23.656800000), (0.000000622, 0.000000000), (0.000000856, 23.580000000), (0.000000931, 0.000000000), (0.000000754, 23.584800000), (0.000000670, 0.000000000), (0.000000789, 23.608800000), (0.000000711, 0.000000000), (0.000000791, 23.606400000), (0.000000709, 0.000000000), (0.000000734, 23.656800000), (0.000000701, 0.000000000), (0.000000733, 23.580000000), (0.000000662, 0.000000000), (0.000000780, 23.584800000), (0.000000714, 0.000000000), (0.000000790, 23.608800000), (0.000000696, 0.000000000), (0.000000941, 23.606400000), (0.000000680, 0.000000000), (0.000000789, 23.656800000), (0.000000697, 0.000000000), (0.000000779, 23.580000000), (0.000000725, 0.000000000), (0.000000846, 23.584800000), (0.000000729, 0.000000000), (0.000000765, 23.608800000), (0.000000713, 0.000000000), (0.000000736, 23.606400000), (0.000000671, 0.000000000), (0.000000847, 23.656800000), (0.000000674, 0.000000000), (0.000000827, 23.580000000), (0.000000773, 0.000000000), (0.000000780, 23.584800000), (0.000000791, 0.000000000)],
"worst_25":[(0.000000925, 23.632800000), (0.000000907, 0.000000000), (0.000001070, 23.656800000), (0.000001020, 0.000000000), (0.000000938, 23.620800000), (0.000000854, 0.000000000), (0.000001307, 23.630400000), (0.000001001, 0.000000000), (0.000001107, 23.635200000), (0.000001051, 0.000000000), (0.000001173, 23.632800000), (0.000001098, 0.000000000), (0.000001157, 23.656800000), (0.000001026, 0.000000000), (0.000001178, 23.620800000), (0.000001035, 0.000000000), (0.000001133, 23.630400000), (0.000000990, 0.000000000), (0.000001198, 23.635200000), (0.000000986, 0.000000000), (0.000000966, 23.632800000), (0.000000989, 0.000000000), (0.000000966, 23.656800000), (0.000000896, 0.000000000), (0.000001056, 23.620800000), (0.000000849, 0.000000000), (0.000000967, 23.630400000), (0.000000833, 0.000000000), (0.000000938, 23.635200000), (0.000000812, 0.000000000), (0.000001012, 23.632800000), (0.000000898, 0.000000000), (0.000000908, 23.656800000), (0.000000830, 0.000000000), (0.000000991, 23.620800000), (0.000000800, 0.000000000), (0.000000993, 23.630400000), (0.000000804, 0.000000000), (0.000001026, 23.635200000), (0.000000927, 0.000000000), (0.000001028, 23.632800000), (0.000001324, 0.000000000), (0.000001098, 23.656800000), (0.000001055, 0.000000000), (0.000001252, 23.620800000), (0.000000972, 0.000000000), (0.000001108, 23.630400000), (0.000000820, 0.000000000), (0.000001020, 23.635200000), (0.000000926, 0.000000000), (0.000001012, 23.632800000), (0.000000880, 0.000000000), (0.000000894, 23.656800000), (0.000000804, 0.000000000), (0.000000935, 23.620800000), (0.000000830, 0.000000000), (0.000000923, 23.630400000), (0.000000807, 0.000000000), (0.000000912, 23.635200000), (0.000000842, 0.000000000), (0.000000874, 23.632800000), (0.000000861, 0.000000000), (0.000000879, 23.656800000), (0.000000787, 0.000000000), (0.000000881, 23.620800000), (0.000000768, 0.000000000), (0.000000870, 23.630400000), (0.000000770, 0.000000000), (0.000000966, 23.635200000), (0.000000892, 0.000000000), (0.000001043, 23.632800000), (0.000000938, 0.000000000), (0.000000997, 23.656800000), (0.000000892, 0.000000000), (0.000001054, 23.620800000), (0.000000895, 0.000000000), (0.000000997, 23.630400000), (0.000000856, 0.000000000), (0.000000997, 23.635200000), (0.000000894, 0.000000000), (0.000000869, 23.632800000), (0.000000960, 0.000000000), (0.000000935, 23.656800000), (0.000000936, 0.000000000), (0.000000939, 23.620800000), (0.000000785, 0.000000000), (0.000000977, 23.630400000), (0.000000880, 0.000000000), (0.000000993, 23.635200000), (0.000000827, 0.000000000), (0.000000883, 23.632800000), (0.000000884, 0.000000000), (0.000000852, 23.656800000), (0.000000766, 0.000000000), (0.000000907, 23.620800000), (0.000000733, 0.000000000), (0.000000850, 23.630400000), (0.000000757, 0.000000000), (0.000000906, 23.635200000), (0.000000778, 0.000000000)],
"worst_26":[(0.000000933, 23.618400000), (0.000001021, 0.000000000), (0.000001050, 23.647200000), (0.000000945, 0.000000000), (0.000001133, 23.666400000), (0.000001027, 0.000000000), (0.000001157, 23.582400000), (0.000001030, 0.000000000), (0.000001151, 23.632800000), (0.000000989, 0.000000000), (0.000001140, 23.618400000), (0.000001163, 0.000000000), (0.000001128, 23.647200000), (0.000001036, 0.000000000), (0.000001134, 23.666400000), (0.000000969, 0.000000000), (0.000001117, 23.582400000), (0.000001050, 0.000000000), (0.000001114, 23.632800000), (0.000001018, 0.000000000), (0.000001098, 23.618400000), (0.000001131, 0.000000000), (0.000001125, 23.647200000), (0.000001080, 0.000000000), (0.000001111, 23.666400000), (0.000001043, 0.000000000), (0.000001306, 23.582400000), (0.000000917, 0.000000000), (0.000001125, 23.632800000), (0.000001012, 0.000000000), (0.000001078, 23.618400000), (0.000001146, 0.000000000), (0.000001056, 23.647200000), (0.000001005, 0.000000000), (0.000001135, 23.666400000), (0.000000999, 0.000000000), (0.000001065, 23.582400000), (0.000000929, 0.000000000), (0.000001080, 23.632800000), (0.000000906, 0.000000000), (0.000000963, 23.618400000), (0.000000989, 0.000000000), (0.000001008, 23.647200000), (0.000000940, 0.000000000), (0.000001053, 23.666400000), (0.000000933, 0.000000000), (0.000001031, 23.582400000), (0.000000911, 0.000000000), (0.000001037, 23.632800000), (0.000000921, 0.000000000), (0.000001046, 23.618400000), (0.000001083, 0.000000000), (0.000001083, 23.647200000), (0.000001041, 0.000000000), (0.000001078, 23.666400000), (0.000000998, 0.000000000), (0.000001159, 23.582400000), (0.000000979, 0.000000000), (0.000001254, 23.632800000), (0.000001040, 0.000000000), (0.000001026, 23.618400000), (0.000001085, 0.000000000), (0.000001039, 23.647200000), (0.000000945, 0.000000000), (0.000001053, 23.666400000), (0.000000984, 0.000000000), (0.000001034, 23.582400000), (0.000000905, 0.000000000), (0.000001052, 23.632800000), (0.000000990, 0.000000000), (0.000001089, 23.618400000), (0.000001233, 0.000000000), (0.000001414, 23.647200000), (0.000001143, 0.000000000), (0.000001300, 23.666400000), (0.000001091, 0.000000000), (0.000001199, 23.582400000), (0.000001055, 0.000000000), (0.000001213, 23.632800000), (0.000001025, 0.000000000), (0.000001164, 23.618400000), (0.000001135, 0.000000000), (0.000001161, 23.647200000), (0.000001063, 0.000000000), (0.000001175, 23.666400000), (0.000001041, 0.000000000), (0.000001167, 23.582400000), (0.000000988, 0.000000000), (0.000001091, 23.632800000), (0.000000986, 0.000000000), (0.000000957, 23.618400000), (0.000001043, 0.000000000), (0.000001087, 23.647200000), (0.000000954, 0.000000000), (0.000001069, 23.666400000), (0.000000948, 0.000000000), (0.000001122, 23.582400000), (0.000000869, 0.000000000), (0.000001070, 23.632800000), (0.000000913, 0.000000000)],
"worst_27":[(0.000001156, 23.671200000), (0.000001279, 0.000000000), (0.000001188, 23.568000000), (0.000001134, 0.000000000), (0.000001231, 23.618400000), (0.000001152, 0.000000000), (0.000001280, 23.613600000), (0.000001070, 0.000000000), (0.000001277, 23.618400000), (0.000001128, 0.000000000), (0.000001243, 23.671200000), (0.000001347, 0.000000000), (0.000001203, 23.568000000), (0.000001186, 0.000000000), (0.000001215, 23.618400000), (0.000001166, 0.000000000), (0.000001294, 23.613600000), (0.000001143, 0.000000000), (0.000001234, 23.618400000), (0.000001067, 0.000000000), (0.000001316, 23.671200000), (0.000001396, 0.000000000), (0.000001321, 23.568000000), (0.000001176, 0.000000000), (0.000001277, 23.618400000), (0.000001139, 0.000000000), (0.000001195, 23.613600000), (0.000001153, 0.000000000), (0.000001273, 23.618400000), (0.000001129, 0.000000000), (0.000001233, 23.671200000), (0.000001367, 0.000000000), (0.000001266, 23.568000000), (0.000001261, 0.000000000), (0.000001305, 23.618400000), (0.000001163, 0.000000000), (0.000001325, 23.613600000), (0.000001213, 0.000000000), (0.000001246, 23.618400000), (0.000001119, 0.000000000), (0.000001110, 23.671200000), (0.000001338, 0.000000000), (0.000001233, 23.568000000), (0.000001248, 0.000000000), (0.000001240, 23.618400000), (0.000001241, 0.000000000), (0.000001319, 23.613600000), (0.000001241, 0.000000000), (0.000001272, 23.618400000), (0.000001082, 0.000000000), (0.000001361, 23.671200000), (0.000001364, 0.000000000), (0.000001211, 23.568000000), (0.000001172, 0.000000000), (0.000001336, 23.618400000), (0.000001138, 0.000000000), (0.000001396, 23.613600000), (0.000001163, 0.000000000), (0.000001379, 23.618400000), (0.000001153, 0.000000000), (0.000001133, 23.671200000), (0.000001328, 0.000000000), (0.000001204, 23.568000000), (0.000001242, 0.000000000), (0.000001328, 23.618400000), (0.000001153, 0.000000000), (0.000001345, 23.613600000), (0.000001145, 0.000000000), (0.000001372, 23.618400000), (0.000001182, 0.000000000), (0.000001324, 23.671200000), (0.000001390, 0.000000000), (0.000001298, 23.568000000), (0.000001187, 0.000000000), (0.000001299, 23.618400000), (0.000001184, 0.000000000), (0.000001282, 23.613600000), (0.000001293, 0.000000000), (0.000001471, 23.618400000), (0.000001390, 0.000000000), (0.000001341, 23.671200000), (0.000001387, 0.000000000), (0.000001309, 23.568000000), (0.000001233, 0.000000000), (0.000001437, 23.618400000), (0.000001256, 0.000000000), (0.000001269, 23.613600000), (0.000001191, 0.000000000), (0.000001314, 23.618400000), (0.000001191, 0.000000000), (0.000001325, 23.671200000), (0.000001349, 0.000000000), (0.000001304, 23.568000000), (0.000001179, 0.000000000), (0.000001296, 23.618400000), (0.000001135, 0.000000000), (0.000001269, 23.613600000), (0.000001101, 0.000000000), (0.000001318, 23.618400000), (0.000001129, 0.000000000)],
"worst_28":[(0.000001369, 23.611200000), (0.000001640, 0.000000000), (0.000001454, 23.587200000), (0.000001386, 0.000000000), (0.000001504, 23.594400000), (0.000001403, 0.000000000), (0.000001524, 23.664000000), (0.000001361, 0.000000000), (0.000001469, 23.628000000), (0.000001319, 0.000000000), (0.000001376, 23.611200000), (0.000001542, 0.000000000), (0.000001450, 23.587200000), (0.000001433, 0.000000000), (0.000001467, 23.594400000), (0.000001339, 0.000000000), (0.000001452, 23.664000000), (0.000001372, 0.000000000), (0.000001503, 23.628000000), (0.000001444, 0.000000000), (0.000001406, 23.611200000), (0.000001497, 0.000000000), (0.000001372, 23.587200000), (0.000001354, 0.000000000), (0.000001389, 23.594400000), (0.000001412, 0.000000000), (0.000001461, 23.664000000), (0.000001306, 0.000000000), (0.000001517, 23.628000000), (0.000001361, 0.000000000), (0.000001320, 23.611200000), (0.000001498, 0.000000000), (0.000001432, 23.587200000), (0.000001441, 0.000000000), (0.000001457, 23.594400000), (0.000001372, 0.000000000), (0.000001429, 23.664000000), (0.000001428, 0.000000000), (0.000001478, 23.628000000), (0.000001363, 0.000000000), (0.000001481, 23.611200000), (0.000001633, 0.000000000), (0.000001425, 23.587200000), (0.000001392, 0.000000000), (0.000001470, 23.594400000), (0.000001349, 0.000000000), (0.000001523, 23.664000000), (0.000001387, 0.000000000), (0.000001569, 23.628000000), (0.000001364, 0.000000000), (0.000001532, 23.611200000), (0.000001704, 0.000000000), (0.000001436, 23.587200000), (0.000001525, 0.000000000), (0.000001775, 23.594400000), (0.000001540, 0.000000000), (0.000001788, 23.664000000), (0.000001515, 0.000000000), (0.000001491, 23.628000000), (0.000001372, 0.000000000), (0.000001425, 23.611200000), (0.000001556, 0.000000000), (0.000001573, 23.587200000), (0.000001776, 0.000000000), (0.000001597, 23.594400000), (0.000001550, 0.000000000), (0.000001467, 23.664000000), (0.000001400, 0.000000000), (0.000001415, 23.628000000), (0.000001300, 0.000000000), (0.000001323, 23.611200000), (0.000001548, 0.000000000), (0.000001483, 23.587200000), (0.000001397, 0.000000000), (0.000001460, 23.594400000), (0.000001362, 0.000000000), (0.000001472, 23.664000000), (0.000001278, 0.000000000), (0.000001401, 23.628000000), (0.000001234, 0.000000000), (0.000001349, 23.611200000), (0.000001552, 0.000000000), (0.000001431, 23.587200000), (0.000001377, 0.000000000), (0.000001450, 23.594400000), (0.000001422, 0.000000000), (0.000001416, 23.664000000), (0.000001300, 0.000000000), (0.000001466, 23.628000000), (0.000001312, 0.000000000), (0.000001469, 23.611200000), (0.000001524, 0.000000000), (0.000001376, 23.587200000), (0.000001315, 0.000000000), (0.000001385, 23.594400000), (0.000001275, 0.000000000), (0.000001378, 23.664000000), (0.000001257, 0.000000000), (0.000001427, 23.628000000), (0.000001323, 0.000000000)],
"worst_29":[(0.000001544, 23.628000000), (0.000001696, 0.000000000), (0.000001517, 23.572800000), (0.000001530, 0.000000000), (0.000001525, 23.632800000), (0.000001449, 0.000000000), (0.000001516, 23.644800000), (0.000001463, 0.000000000), (0.000001543, 23.589600000), (0.000001410, 0.000000000), (0.000001428, 23.628000000), (0.000001740, 0.000000000), (0.000001515, 23.572800000), (0.000001543, 0.000000000), (0.000001500, 23.632800000), (0.000001507, 0.000000000), (0.000001585, 23.644800000), (0.000001600, 0.000000000), (0.000001720, 23.589600000), (0.000001520, 0.000000000), (0.000001646, 23.628000000), (0.000001804, 0.000000000), (0.000001608, 23.572800000), (0.000001742, 0.000000000), (0.000001654, 23.632800000), (0.000001666, 0.000000000), (0.000001616, 23.644800000), (0.000001546, 0.000000000), (0.000001669, 23.589600000), (0.000001556, 0.000000000), (0.000001564, 23.628000000), (0.000001818, 0.000000000), (0.000001632, 23.572800000), (0.000001701, 0.000000000), (0.000001663, 23.632800000), (0.000001619, 0.000000000), (0.000001659, 23.644800000), (0.000001573, 0.000000000), (0.000001562, 23.589600000), (0.000001546, 0.000000000), (0.000001610, 23.628000000), (0.000001811, 0.000000000), (0.000001585, 23.572800000), (0.000001677, 0.000000000), (0.000001806, 23.632800000), (0.000001624, 0.000000000), (0.000001671, 23.644800000), (0.000001634, 0.000000000), (0.000001659, 23.589600000), (0.000001586, 0.000000000), (0.000001543, 23.628000000), (0.000001825, 0.000000000), (0.000001570, 23.572800000), (0.000001717, 0.000000000), (0.000001639, 23.632800000), (0.000001546, 0.000000000), (0.000001568, 23.644800000), (0.000001511, 0.000000000), (0.000001713, 23.589600000), (0.000001473, 0.000000000), (0.000001612, 23.628000000), (0.000001818, 0.000000000), (0.000001611, 23.572800000), (0.000001664, 0.000000000), (0.000001599, 23.632800000), (0.000001592, 0.000000000), (0.000001553, 23.644800000), (0.000001542, 0.000000000), (0.000001643, 23.589600000), (0.000001588, 0.000000000), (0.000001531, 23.628000000), (0.000001781, 0.000000000), (0.000001632, 23.572800000), (0.000001661, 0.000000000), (0.000001629, 23.632800000), (0.000001582, 0.000000000), (0.000001594, 23.644800000), (0.000001566, 0.000000000), (0.000001661, 23.589600000), (0.000001541, 0.000000000), (0.000001580, 23.628000000), (0.000001832, 0.000000000), (0.000001637, 23.572800000), (0.000001657, 0.000000000), (0.000001704, 23.632800000), (0.000001625, 0.000000000), (0.000001917, 23.644800000), (0.000001510, 0.000000000), (0.000001567, 23.589600000), (0.000001535, 0.000000000), (0.000001621, 23.628000000), (0.000001828, 0.000000000), (0.000001674, 23.572800000), (0.000001697, 0.000000000), (0.000001663, 23.632800000), (0.000001591, 0.000000000), (0.000001624, 23.644800000), (0.000001540, 0.000000000), (0.000001656, 23.589600000), (0.000001546, 0.000000000)],
"worst_30":[(0.000001709, 23.594400000), (0.000001969, 0.000000000), (0.000001657, 23.606400000), (0.000001845, 0.000000000), (0.000001786, 23.640000000), (0.000001750, 0.000000000), (0.000002021, 23.635200000), (0.000001933, 0.000000000), (0.000001857, 23.649600000), (0.000001683, 0.000000000), (0.000001601, 23.594400000), (0.000001924, 0.000000000), (0.000001659, 23.606400000), (0.000001750, 0.000000000), (0.000001720, 23.640000000), (0.000001709, 0.000000000), (0.000001680, 23.635200000), (0.000001643, 0.000000000), (0.000001741, 23.649600000), (0.000001750, 0.000000000), (0.000001710, 23.594400000), (0.000002058, 0.000000000), (0.000002104, 23.606400000), (0.000001982, 0.000000000), (0.000001835, 23.640000000), (0.000001883, 0.000000000), (0.000001838, 23.635200000), (0.000001924, 0.000000000), (0.000001783, 23.649600000), (0.000001852, 0.000000000), (0.000001718, 23.594400000), (0.000002064, 0.000000000), (0.000001747, 23.606400000), (0.000001877, 0.000000000), (0.000001766, 23.640000000), (0.000001895, 0.000000000), (0.000001786, 23.635200000), (0.000001790, 0.000000000), (0.000001802, 23.649600000), (0.000001792, 0.000000000), (0.000001533, 23.594400000), (0.000001875, 0.000000000), (0.000001638, 23.606400000), (0.000001749, 0.000000000), (0.000001645, 23.640000000), (0.000001692, 0.000000000), (0.000001786, 23.635200000), (0.000001633, 0.000000000), (0.000001650, 23.649600000), (0.000001625, 0.000000000), (0.000001601, 23.594400000), (0.000002009, 0.000000000), (0.000001784, 23.606400000), (0.000001959, 0.000000000), (0.000001763, 23.640000000), (0.000001883, 0.000000000), (0.000001827, 23.635200000), (0.000001755, 0.000000000), (0.000001772, 23.649600000), (0.000001787, 0.000000000), (0.000001698, 23.594400000), (0.000002100, 0.000000000), (0.000001754, 23.606400000), (0.000001924, 0.000000000), (0.000001651, 23.640000000), (0.000001681, 0.000000000), (0.000001664, 23.635200000), (0.000001747, 0.000000000), (0.000001700, 23.649600000), (0.000001655, 0.000000000), (0.000001572, 23.594400000), (0.000001962, 0.000000000), (0.000001628, 23.606400000), (0.000001761, 0.000000000), (0.000001657, 23.640000000), (0.000001648, 0.000000000), (0.000001780, 23.635200000), (0.000001657, 0.000000000), (0.000001650, 23.649600000), (0.000001594, 0.000000000), (0.000001655, 23.594400000), (0.000002093, 0.000000000), (0.000001785, 23.606400000), (0.000001876, 0.000000000), (0.000001856, 23.640000000), (0.000001999, 0.000000000), (0.000001800, 23.635200000), (0.000001803, 0.000000000), (0.000001760, 23.649600000), (0.000001730, 0.000000000), (0.000001641, 23.594400000), (0.000002094, 0.000000000), (0.000001731, 23.606400000), (0.000001852, 0.000000000), (0.000001712, 23.640000000), (0.000001712, 0.000000000), (0.000001701, 23.635200000), (0.000001773, 0.000000000), (0.000001838, 23.649600000), (0.000001773, 0.000000000)],
"worst_31":[(0.000001721, 23.608800000), (0.000002264, 0.000000000), (0.000001841, 23.676000000), (0.000002038, 0.000000000), (0.000001850, 23.642400000), (0.000002125, 0.000000000), (0.000001980, 23.652000000), (0.000002013, 0.000000000), (0.000001944, 23.637600000), (0.000002031, 0.000000000), (0.000001913, 23.608800000), (0.000002233, 0.000000000), (0.000001876, 23.676000000), (0.000002136, 0.000000000), (0.000001973, 23.642400000), (0.000001980, 0.000000000), (0.000001812, 23.652000000), (0.000001973, 0.000000000), (0.000001916, 23.637600000), (0.000001946, 0.000000000), (0.000001775, 23.608800000), (0.000002305, 0.000000000), (0.000001863, 23.676000000), (0.000002066, 0.000000000), (0.000001841, 23.642400000), (0.000002010, 0.000000000), (0.000001965, 23.652000000), (0.000001940, 0.000000000), (0.000001819, 23.637600000), (0.000001917, 0.000000000), (0.000001683, 23.608800000), (0.000002148, 0.000000000), (0.000001795, 23.676000000), (0.000001978, 0.000000000), (0.000002140, 23.642400000), (0.000002664, 0.000000000), (0.000001888, 23.652000000), (0.000002033, 0.000000000), (0.000001897, 23.637600000), (0.000001945, 0.000000000), (0.000001717, 23.608800000), (0.000002203, 0.000000000), (0.000001874, 23.676000000), (0.000002053, 0.000000000), (0.000001978, 23.642400000), (0.000002065, 0.000000000), (0.000001903, 23.652000000), (0.000001942, 0.000000000), (0.000001929, 23.637600000), (0.000001930, 0.000000000), (0.000001699, 23.608800000), (0.000002428, 0.000000000), (0.000002309, 23.676000000), (0.000002594, 0.000000000), (0.000001981, 23.642400000), (0.000002041, 0.000000000), (0.000001860, 23.652000000), (0.000001965, 0.000000000), (0.000002091, 23.637600000), (0.000001955, 0.000000000), (0.000001809, 23.608800000), (0.000002560, 0.000000000), (0.000001857, 23.676000000), (0.000002168, 0.000000000), (0.000002250, 23.642400000), (0.000002344, 0.000000000), (0.000001950, 23.652000000), (0.000002181, 0.000000000), (0.000002105, 23.637600000), (0.000002218, 0.000000000), (0.000001780, 23.608800000), (0.000002267, 0.000000000), (0.000001964, 23.676000000), (0.000002059, 0.000000000), (0.000001952, 23.642400000), (0.000002052, 0.000000000), (0.000001933, 23.652000000), (0.000001992, 0.000000000), (0.000001961, 23.637600000), (0.000001955, 0.000000000), (0.000001688, 23.608800000), (0.000002175, 0.000000000), (0.000001834, 23.676000000), (0.000002026, 0.000000000), (0.000001856, 23.642400000), (0.000001945, 0.000000000), (0.000001827, 23.652000000), (0.000002009, 0.000000000), (0.000001937, 23.637600000), (0.000001935, 0.000000000), (0.000001741, 23.608800000), (0.000002169, 0.000000000), (0.000001827, 23.676000000), (0.000002029, 0.000000000), (0.000001975, 23.642400000), (0.000002325, 0.000000000), (0.000002228, 23.652000000), (0.000002089, 0.000000000), (0.000001912, 23.637600000), (0.000001933, 0.000000000)],
"worst_32":[(0.000002106, 23.628000000), (0.000002580, 0.000000000), (0.000002248, 23.601600000), (0.000002514, 0.000000000), (0.000002229, 23.620800000), (0.000002371, 0.000000000), (0.000002144, 23.599200000), (0.000002333, 0.000000000), (0.000002255, 23.652000000), (0.000002219, 0.000000000), (0.000002246, 23.628000000), (0.000003045, 0.000000000), (0.000002550, 23.601600000), (0.000003645, 0.000000000), (0.000002160, 23.620800000), (0.000002485, 0.000000000), (0.000002138, 23.599200000), (0.000002599, 0.000000000), (0.000002185, 23.652000000), (0.000002216, 0.000000000), (0.000002018, 23.628000000), (0.000002745, 0.000000000), (0.000002175, 23.601600000), (0.000002507, 0.000000000), (0.000002206, 23.620800000), (0.000002427, 0.000000000), (0.000002170, 23.599200000), (0.000002344, 0.000000000), (0.000002327, 23.652000000), (0.000002792, 0.000000000), (0.000002043, 23.628000000), (0.000002746, 0.000000000), (0.000002273, 23.601600000), (0.000002428, 0.000000000), (0.000002292, 23.620800000), (0.000002350, 0.000000000), (0.000002155, 23.599200000), (0.000002176, 0.000000000), (0.000002077, 23.652000000), (0.000002170, 0.000000000), (0.000001990, 23.628000000), (0.000002615, 0.000000000), (0.000002026, 23.601600000), (0.000002461, 0.000000000), (0.000002056, 23.620800000), (0.000002339, 0.000000000), (0.000002086, 23.599200000), (0.000002179, 0.000000000), (0.000002056, 23.652000000), (0.000002178, 0.000000000), (0.000001978, 23.628000000), (0.000002521, 0.000000000), (0.000002188, 23.601600000), (0.000002350, 0.000000000), (0.000002061, 23.620800000), (0.000002267, 0.000000000), (0.000002217, 23.599200000), (0.000002297, 0.000000000), (0.000002095, 23.652000000), (0.000002212, 0.000000000), (0.000001891, 23.628000000), (0.000002484, 0.000000000), (0.000002028, 23.601600000), (0.000002330, 0.000000000), (0.000002087, 23.620800000), (0.000002372, 0.000000000), (0.000002082, 23.599200000), (0.000002596, 0.000000000), (0.000002082, 23.652000000), (0.000002246, 0.000000000), (0.000002101, 23.628000000), (0.000002579, 0.000000000), (0.000002104, 23.601600000), (0.000002338, 0.000000000), (0.000002086, 23.620800000), (0.000002315, 0.000000000), (0.000002158, 23.599200000), (0.000002233, 0.000000000), (0.000002064, 23.652000000), (0.000002299, 0.000000000), (0.000002220, 23.628000000), (0.000002942, 0.000000000), (0.000002105, 23.601600000), (0.000002333, 0.000000000), (0.000002053, 23.620800000), (0.000002373, 0.000000000), (0.000002105, 23.599200000), (0.000002284, 0.000000000), (0.000002060, 23.652000000), (0.000002185, 0.000000000), (0.000001951, 23.628000000), (0.000002536, 0.000000000), (0.000002127, 23.601600000), (0.000002438, 0.000000000), (0.000002191, 23.620800000), (0.000002291, 0.000000000), (0.000002124, 23.599200000), (0.000002205, 0.000000000), (0.000002141, 23.652000000), (0.000002162, 0.000000000)],
"worst_33":[(0.000002399, 23.630400000), (0.000002983, 0.000000000), (0.000002446, 23.596800000), (0.000002892, 0.000000000), (0.000002535, 23.592000000), (0.000002786, 0.000000000), (0.000002543, 23.649600000), (0.000002828, 0.000000000), (0.000002489, 23.613600000), (0.000002656, 0.000000000), (0.000002503, 23.630400000), (0.000003339, 0.000000000), (0.000002531, 23.596800000), (0.000002967, 0.000000000), (0.000002483, 23.592000000), (0.000002677, 0.000000000), (0.000002323, 23.649600000), (0.000002655, 0.000000000), (0.000002349, 23.613600000), (0.000002477, 0.000000000), (0.000002187, 23.630400000), (0.000002863, 0.000000000), (0.000002334, 23.596800000), (0.000002694, 0.000000000), (0.000002388, 23.592000000), (0.000002566, 0.000000000), (0.000002324, 23.649600000), (0.000002777, 0.000000000), (0.000002408, 23.613600000), (0.000002567, 0.000000000), (0.000002348, 23.630400000), (0.000002892, 0.000000000), (0.000002431, 23.596800000), (0.000002696, 0.000000000), (0.000002395, 23.592000000), (0.000002591, 0.000000000), (0.000002773, 23.649600000), (0.000002984, 0.000000000), (0.000002809, 23.613600000), (0.000002605, 0.000000000), (0.000002207, 23.630400000), (0.000003005, 0.000000000), (0.000002543, 23.596800000), (0.000002880, 0.000000000), (0.000002524, 23.592000000), (0.000002789, 0.000000000), (0.000002611, 23.649600000), (0.000002827, 0.000000000), (0.000002521, 23.613600000), (0.000002599, 0.000000000), (0.000002254, 23.630400000), (0.000003044, 0.000000000), (0.000002412, 23.596800000), (0.000002741, 0.000000000), (0.000002453, 23.592000000), (0.000002680, 0.000000000), (0.000002537, 23.649600000), (0.000002644, 0.000000000), (0.000002463, 23.613600000), (0.000002534, 0.000000000), (0.000002218, 23.630400000), (0.000002836, 0.000000000), (0.000002312, 23.596800000), (0.000002648, 0.000000000), (0.000002979, 23.592000000), (0.000002639, 0.000000000), (0.000002425, 23.649600000), (0.000002776, 0.000000000), (0.000002506, 23.613600000), (0.000002607, 0.000000000), (0.000002330, 23.630400000), (0.000003018, 0.000000000), (0.000002470, 23.596800000), (0.000002781, 0.000000000), (0.000002468, 23.592000000), (0.000002740, 0.000000000), (0.000002707, 23.649600000), (0.000002752, 0.000000000), (0.000002487, 23.613600000), (0.000002639, 0.000000000), (0.000002287, 23.630400000), (0.000003113, 0.000000000), (0.000002485, 23.596800000), (0.000002787, 0.000000000), (0.000002406, 23.592000000), (0.000002660, 0.000000000), (0.000002378, 23.649600000), (0.000002645, 0.000000000), (0.000002453, 23.613600000), (0.000002501, 0.000000000), (0.000002364, 23.630400000), (0.000003085, 0.000000000), (0.000002377, 23.596800000), (0.000002707, 0.000000000), (0.000002379, 23.592000000), (0.000002633, 0.000000000), (0.000002376, 23.649600000), (0.000002537, 0.000000000), (0.000002617, 23.613600000), (0.000002557, 0.000000000)],
"worst_34":[(0.000002552, 23.577600000), (0.000003495, 0.000000000), (0.000002783, 23.613600000), (0.000003155, 0.000000000), (0.000002768, 23.584800000), (0.000003203, 0.000000000), (0.000002763, 23.601600000), (0.000003011, 0.000000000), (0.000002980, 23.637600000), (0.000003066, 0.000000000), (0.000002569, 23.577600000), (0.000003616, 0.000000000), (0.000002852, 23.613600000), (0.000003165, 0.000000000), (0.000002770, 23.584800000), (0.000003072, 0.000000000), (0.000002819, 23.601600000), (0.000003040, 0.000000000), (0.000003106, 23.637600000), (0.000003288, 0.000000000), (0.000002742, 23.577600000), (0.000003476, 0.000000000), (0.000002783, 23.613600000), (0.000003149, 0.000000000), (0.000002746, 23.584800000), (0.000003241, 0.000000000), (0.000002880, 23.601600000), (0.000003126, 0.000000000), (0.000002780, 23.637600000), (0.000003014, 0.000000000), (0.000002655, 23.577600000), (0.000003409, 0.000000000), (0.000002821, 23.613600000), (0.000003254, 0.000000000), (0.000002759, 23.584800000), (0.000002955, 0.000000000), (0.000002688, 23.601600000), (0.000002919, 0.000000000), (0.000002690, 23.637600000), (0.000002975, 0.000000000), (0.000002620, 23.577600000), (0.000003705, 0.000000000), (0.000002927, 23.613600000), (0.000003207, 0.000000000), (0.000002781, 23.584800000), (0.000003089, 0.000000000), (0.000002736, 23.601600000), (0.000002948, 0.000000000), (0.000002755, 23.637600000), (0.000003032, 0.000000000), (0.000002475, 23.577600000), (0.000003274, 0.000000000), (0.000002676, 23.613600000), (0.000003036, 0.000000000), (0.000002793, 23.584800000), (0.000002969, 0.000000000), (0.000002841, 23.601600000), (0.000003079, 0.000000000), (0.000002801, 23.637600000), (0.000002986, 0.000000000), (0.000002601, 23.577600000), (0.000003340, 0.000000000), (0.000002674, 23.613600000), (0.000003061, 0.000000000), (0.000002764, 23.584800000), (0.000002976, 0.000000000), (0.000002693, 23.601600000), (0.000003012, 0.000000000), (0.000002655, 23.637600000), (0.000002878, 0.000000000), (0.000002509, 23.577600000), (0.000003326, 0.000000000), (0.000002660, 23.613600000), (0.000003209, 0.000000000), (0.000002757, 23.584800000), (0.000003125, 0.000000000), (0.000003001, 23.601600000), (0.000003135, 0.000000000), (0.000002817, 23.637600000), (0.000002926, 0.000000000), (0.000002675, 23.577600000), (0.000003474, 0.000000000), (0.000002855, 23.613600000), (0.000003237, 0.000000000), (0.000002817, 23.584800000), (0.000003136, 0.000000000), (0.000002843, 23.601600000), (0.000003102, 0.000000000), (0.000002871, 23.637600000), (0.000003018, 0.000000000), (0.000002473, 23.577600000), (0.000003383, 0.000000000), (0.000002742, 23.613600000), (0.000003062, 0.000000000), (0.000002683, 23.584800000), (0.000003018, 0.000000000), (0.000002659, 23.601600000), (0.000002908, 0.000000000), (0.000002710, 23.637600000), (0.000002957, 0.000000000)],
"worst_35":[(0.000002842, 23.608800000), (0.000003730, 0.000000000), (0.000003478, 23.644800000), (0.000003883, 0.000000000), (0.000003282, 23.640000000), (0.000003636, 0.000000000), (0.000003425, 23.606400000), (0.000003453, 0.000000000), (0.000003319, 23.616000000), (0.000003564, 0.000000000), (0.000003898, 23.608800000), (0.000006284, 0.000000000), (0.000004687, 23.644800000), (0.000004312, 0.000000000), (0.000003331, 23.640000000), (0.000003858, 0.000000000), (0.000003513, 23.606400000), (0.000003667, 0.000000000), (0.000003511, 23.616000000), (0.000003554, 0.000000000), (0.000003435, 23.608800000), (0.000004317, 0.000000000), (0.000003015, 23.644800000), (0.000003527, 0.000000000), (0.000003301, 23.640000000), (0.000003346, 0.000000000), (0.000003182, 23.606400000), (0.000003549, 0.000000000), (0.000003283, 23.616000000), (0.000003527, 0.000000000), (0.000003409, 23.608800000), (0.000004403, 0.000000000), (0.000003348, 23.644800000), (0.000003504, 0.000000000), (0.000003137, 23.640000000), (0.000003345, 0.000000000), (0.000003059, 23.606400000), (0.000003321, 0.000000000), (0.000003204, 23.616000000), (0.000003252, 0.000000000), (0.000003431, 23.608800000), (0.000005332, 0.000000000), (0.000004470, 23.644800000), (0.000004559, 0.000000000), (0.000004113, 23.640000000), (0.000003701, 0.000000000), (0.000003102, 23.606400000), (0.000003402, 0.000000000), (0.000003049, 23.616000000), (0.000003271, 0.000000000), (0.000003258, 23.608800000), (0.000004440, 0.000000000), (0.000003239, 23.644800000), (0.000003494, 0.000000000), (0.000003071, 23.640000000), (0.000003370, 0.000000000), (0.000003178, 23.606400000), (0.000003398, 0.000000000), (0.000003063, 23.616000000), (0.000003268, 0.000000000), (0.000002905, 23.608800000), (0.000004534, 0.000000000), (0.000003619, 23.644800000), (0.000003630, 0.000000000), (0.000003228, 23.640000000), (0.000003664, 0.000000000), (0.000003126, 23.606400000), (0.000003491, 0.000000000), (0.000003222, 23.616000000), (0.000003384, 0.000000000), (0.000002836, 23.608800000), (0.000004197, 0.000000000), (0.000003358, 23.644800000), (0.000003807, 0.000000000), (0.000003113, 23.640000000), (0.000003722, 0.000000000), (0.000003075, 23.606400000), (0.000003340, 0.000000000), (0.000003148, 23.616000000), (0.000003413, 0.000000000), (0.000003159, 23.608800000), (0.000004578, 0.000000000), (0.000003685, 23.644800000), (0.000003641, 0.000000000), (0.000003162, 23.640000000), (0.000003606, 0.000000000), (0.000003255, 23.606400000), (0.000003457, 0.000000000), (0.000003207, 23.616000000), (0.000003443, 0.000000000), (0.000003569, 23.608800000), (0.000003959, 0.000000000), (0.000003690, 23.644800000), (0.000004007, 0.000000000), (0.000003363, 23.640000000), (0.000003554, 0.000000000), (0.000003416, 23.606400000), (0.000003496, 0.000000000), (0.000003138, 23.616000000), (0.000003418, 0.000000000)],
