"best_15":[(0.000000535, 23.558400000), (0.000000426, 0.000000000), (0.000000521, 23.553600000), (0.000000439, 0.000000000), (0.000000563, 23.582400000), (0.000000435, 0.000000000), (0.000000547, 23.481600000), (0.000000475, 0.000000000), (0.000000623, 23.452800000), (0.000000446, 0.000000000), (0.000000517, 23.558400000), (0.000000445, 0.000000000), (0.000000554, 23.553600000), (0.000000464, 0.000000000), (0.000000526, 23.582400000), (0.000000421, 0.000000000), (0.000000528, 23.481600000), (0.000000535, 0.000000000), (0.000000591, 23.452800000), (0.000000626, 0.000000000), (0.000000516, 23.558400000), (0.000000445, 0.000000000), (0.000000555, 23.553600000), (0.000000428, 0.000000000), (0.000000542, 23.582400000), (0.000000552, 0.000000000), (0.000000605, 23.481600000), (0.000000516, 0.000000000), (0.000000743, 23.452800000), (0.000000508, 0.000000000), (0.000000754, 23.558400000), (0.000000442, 0.000000000), (0.000000561, 23.553600000), (0.000000517, 0.000000000), (0.000000623, 23.582400000), (0.000000491, 0.000000000), (0.000000648, 23.481600000), (0.000000469, 0.000000000), (0.000000628, 23.452800000), (0.000000502, 0.000000000), (0.000000550, 23.558400000), (0.000000431, 0.000000000), (0.000000603, 23.553600000), (0.000000437, 0.000000000), (0.000000603, 23.582400000), (0.000000429, 0.000000000), (0.000000556, 23.481600000), (0.000000465, 0.000000000), (0.000000549, 23.452800000), (0.000000434, 0.000000000), (0.000000518, 23.558400000), (0.000000441, 0.000000000), (0.000000541, 23.553600000), (0.000000455, 0.000000000), (0.000000556, 23.582400000), (0.000000528, 0.000000000), (0.000000567, 23.481600000), (0.000000449, 0.000000000), (0.000000664, 23.452800000), (0.000000452, 0.000000000), (0.000000540, 23.558400000), (0.000000418, 0.000000000), (0.000000687, 23.553600000), (0.000000533, 0.000000000), (0.000000628, 23.582400000), (0.000000510, 0.000000000), (0.000000639, 23.481600000), (0.000000622, 0.000000000), (0.000000676, 23.452800000), (0.000000485, 0.000000000), (0.000000577, 23.558400000), (0.000000535, 0.000000000), (0.000000554, 23.553600000), (0.000000506, 0.000000000), (0.000000553, 23.582400000), (0.000000465, 0.000000000), (0.000000545, 23.481600000), (0.000000466, 0.000000000), (0.000000570, 23.452800000), (0.000000497, 0.000000000), (0.000000536, 23.558400000), (0.000000459, 0.000000000), (0.000000551, 23.553600000), (0.000000433, 0.000000000), (0.000000665, 23.582400000), (0.000000453, 0.000000000), (0.000000580, 23.481600000), (0.000000490, 0.000000000), (0.000000582, 23.452800000), (0.000000444, 0.000000000), (0.000000546, 23.558400000), (0.000000446, 0.000000000), (0.000000547, 23.553600000), (0.000000548, 0.000000000), (0.000000558, 23.582400000), (0.000000526, 0.000000000), (0.000000616, 23.481600000), (0.000000444, 0.000000000), (0.000000559, 23.452800000), (0.000000462, 0.000000000)],
"best_16":[(0.000000602, 23.589600000), (0.000000478, 0.000000000), (0.000000564, 23.652000000), (0.000000499, 0.000000000), (0.000000645, 23.560800000), (0.000000494, 0.000000000), (0.000000595, 23.551200000), (0.000000640, 0.000000000), (0.000000607, 23.575200000), (0.000000506, 0.000000000), (0.000000590, 23.589600000), (0.000000468, 0.000000000), (0.000000584, 23.652000000), (0.000000475, 0.000000000), (0.000000625, 23.560800000), (0.000000480, 0.000000000), (0.000000614, 23.551200000), (0.000000584, 0.000000000), (0.000000648, 23.575200000), (0.000000503, 0.000000000), (0.000000615, 23.589600000), (0.000000469, 0.000000000), (0.000000646, 23.652000000), (0.000000462, 0.000000000), (0.000000624, 23.560800000), (0.000000481, 0.000000000), (0.000000672, 23.551200000), (0.000000488, 0.000000000), (0.000000626, 23.575200000), (0.000000516, 0.000000000), (0.000000595, 23.589600000), (0.000000480, 0.000000000), (0.000000744, 23.652000000), (0.000000461, 0.000000000), (0.000000641, 23.560800000), (0.000000470, 0.000000000), (0.000000671, 23.551200000), (0.000000482, 0.000000000), (0.000000663, 23.575200000), (0.000000486, 0.000000000), (0.000000636, 23.589600000), (0.000000460, 0.000000000), (0.000000665, 23.652000000), (0.000000507, 0.000000000), (0.000000598, 23.560800000), (0.000000498, 0.000000000), (0.000000606, 23.551200000), (0.000000570, 0.000000000), (0.000000621, 23.575200000), (0.000000530, 0.000000000), (0.000000598, 23.589600000), (0.000000465, 0.000000000), (0.000000593, 23.652000000), (0.000000472, 0.000000000), (0.000000611, 23.560800000), (0.000000536, 0.000000000), (0.000000614, 23.551200000), (0.000000528, 0.000000000), (0.000000619, 23.575200000), (0.000000514, 0.000000000), (0.000000622, 23.589600000), (0.000000561, 0.000000000), (0.000000596, 23.652000000), (0.000000524, 0.000000000), (0.000000630, 23.560800000), (0.000000501, 0.000000000), (0.000000605, 23.551200000), (0.000000506, 0.000000000), (0.000000656, 23.575200000), (0.000000519, 0.000000000), (0.000000617, 23.589600000), (0.000000537, 0.000000000), (0.000000585, 23.652000000), (0.000000487, 0.000000000), (0.000000672, 23.560800000), (0.000000512, 0.000000000), (0.000000608, 23.551200000), (0.000000490, 0.000000000), (0.000000692, 23.575200000), (0.000000483, 0.000000000), (0.000000599, 23.589600000), (0.000000467, 0.000000000), (0.000000607, 23.652000000), (0.000000475, 0.000000000), (0.000000620, 23.560800000), (0.000000473, 0.000000000), (0.000000641, 23.551200000), (0.000000543, 0.000000000), (0.000000663, 23.575200000), (0.000000486, 0.000000000), (0.000000614, 23.589600000), (0.000000472, 0.000000000), (0.000000653, 23.652000000), (0.000000487, 0.000000000), (0.000000648, 23.560800000), (0.000000524, 0.000000000), (0.000000617, 23.551200000), (0.000000493, 0.000000000), (0.000000632, 23.575200000), (0.000000511, 0.000000000)],
"best_17":[(0.000000697, 23.618400000), (0.000000575, 0.000000000), (0.000000690, 23.551200000), (0.000000567, 0.000000000), (0.000000699, 23.625600000), (0.000000618, 0.000000000), (0.000000707, 23.584800000), (0.000000626, 0.000000000), (0.000000709, 23.604000000), (0.000000594, 0.000000000), (0.000000707, 23.618400000), (0.000000561, 0.000000000), (0.000000766, 23.551200000), (0.000000575, 0.000000000), (0.000000689, 23.625600000), (0.000000612, 0.000000000), (0.000000770, 23.584800000), (0.000000579, 0.000000000), (0.000000689, 23.604000000), (0.000000582, 0.000000000), (0.000000748, 23.618400000), (0.000000553, 0.000000000), (0.000000682, 23.551200000), (0.000000600, 0.000000000), (0.000000694, 23.625600000), (0.000000640, 0.000000000), (0.000000737, 23.584800000), (0.000000632, 0.000000000), (0.000000772, 23.604000000), (0.000000584, 0.000000000), (0.000000699, 23.618400000), (0.000000638, 0.000000000), (0.000000673, 23.551200000), (0.000000559, 0.000000000), (0.000000722, 23.625600000), (0.000000546, 0.000000000), (0.000000694, 23.584800000), (0.000000556, 0.000000000), (0.000000706, 23.604000000), (0.000000711, 0.000000000), (0.000000704, 23.618400000), (0.000000542, 0.000000000), (0.000000689, 23.551200000), (0.000000646, 0.000000000), (0.000000846, 23.625600000), (0.000000667, 0.000000000), (0.000000758, 23.584800000), (0.000000731, 0.000000000), (0.000000968, 23.604000000), (0.000000594, 0.000000000), (0.000000697, 23.618400000), (0.000000541, 0.000000000), (0.000000690, 23.551200000), (0.000000570, 0.000000000), (0.000000686, 23.625600000), (0.000000585, 0.000000000), (0.000000780, 23.584800000), (0.000000572, 0.000000000), (0.000000813, 23.604000000), (0.000000611, 0.000000000), (0.000000709, 23.618400000), (0.000000558, 0.000000000), (0.000000679, 23.551200000), (0.000000564, 0.000000000), (0.000000720, 23.625600000), (0.000000555, 0.000000000), (0.000000729, 23.584800000), (0.000000575, 0.000000000), (0.000000684, 23.604000000), (0.000000641, 0.000000000), (0.000000813, 23.618400000), (0.000000526, 0.000000000), (0.000000669, 23.551200000), (0.000000531, 0.000000000), (0.000000706, 23.625600000), (0.000000550, 0.000000000), (0.000000722, 23.584800000), (0.000000623, 0.000000000), (0.000000700, 23.604000000), (0.000000606, 0.000000000), (0.000000717, 23.618400000), (0.000000566, 0.000000000), (0.000000728, 23.551200000), (0.000000554, 0.000000000), (0.000000671, 23.625600000), (0.000000563, 0.000000000), (0.000000701, 23.584800000), (0.000000570, 0.000000000), (0.000000755, 23.604000000), (0.000000580, 0.000000000), (0.000000728, 23.618400000), (0.000000557, 0.000000000), (0.000000680, 23.551200000), (0.000000569, 0.000000000), (0.000000687, 23.625600000), (0.000000650, 0.000000000), (0.000000715, 23.584800000), (0.000000572, 0.000000000), (0.000000724, 23.604000000), (0.000000570, 0.000000000)],
"best_18":[(0.000000853, 23.654400000), (0.000000656, 0.000000000), (0.000000862, 23.572800000), (0.000000669, 0.000000000), (0.000000854, 23.649600000), (0.000000711, 0.000000000), (0.000000895, 23.630400000), (0.000000680, 0.000000000), (0.000000875, 23.611200000), (0.000000694, 0.000000000), (0.000000998, 23.654400000), (0.000000652, 0.000000000), (0.000000860, 23.572800000), (0.000000664, 0.000000000), (0.000001012, 23.649600000), (0.000000692, 0.000000000), (0.000000866, 23.630400000), (0.000000750, 0.000000000), (0.000000897, 23.611200000), (0.000000708, 0.000000000), (0.000000974, 23.654400000), (0.000000683, 0.000000000), (0.000000870, 23.572800000), (0.000000684, 0.000000000), (0.000000913, 23.649600000), (0.000000795, 0.000000000), (0.000000876, 23.630400000), (0.000000703, 0.000000000), (0.000000871, 23.611200000), (0.000000714, 0.000000000), (0.000000877, 23.654400000), (0.000000696, 0.000000000), (0.000000857, 23.572800000), (0.000000679, 0.000000000), (0.000000932, 23.649600000), (0.000000695, 0.000000000), (0.000000864, 23.630400000), (0.000000698, 0.000000000), (0.000000928, 23.611200000), (0.000000702, 0.000000000), (0.000000913, 23.654400000), (0.000000718, 0.000000000), (0.000000866, 23.572800000), (0.000000667, 0.000000000), (0.000000983, 23.649600000), (0.000000711, 0.000000000), (0.000000879, 23.630400000), (0.000000689, 0.000000000), (0.000000875, 23.611200000), (0.000000874, 0.000000000), (0.000000869, 23.654400000), (0.000000677, 0.000000000), (0.000000846, 23.572800000), (0.000000668, 0.000000000), (0.000001019, 23.649600000), (0.000000714, 0.000000000), (0.000000981, 23.630400000), (0.000000692, 0.000000000), (0.000000869, 23.611200000), (0.000000707, 0.000000000), (0.000000846, 23.654400000), (0.000000650, 0.000000000), (0.000000861, 23.572800000), (0.000000679, 0.000000000), (0.000000849, 23.649600000), (0.000000661, 0.000000000), (0.000000853, 23.630400000), (0.000000669, 0.000000000), (0.000000934, 23.611200000), (0.000000693, 0.000000000), (0.000000873, 23.654400000), (0.000000653, 0.000000000), (0.000000847, 23.572800000), (0.000000664, 0.000000000), (0.000000864, 23.649600000), (0.000000666, 0.000000000), (0.000000850, 23.630400000), (0.000000694, 0.000000000), (0.000000862, 23.611200000), (0.000000675, 0.000000000), (0.000000835, 23.654400000), (0.000000647, 0.000000000), (0.000000843, 23.572800000), (0.000000697, 0.000000000), (0.000000832, 23.649600000), (0.000000665, 0.000000000), (0.000000858, 23.630400000), (0.000000679, 0.000000000), (0.000000855, 23.611200000), (0.000000687, 0.000000000), (0.000000887, 23.654400000), (0.000000672, 0.000000000), (0.000000845, 23.572800000), (0.000000688, 0.000000000), (0.000000844, 23.649600000), (0.000000669, 0.000000000), (0.000000871, 23.630400000), (0.000000664, 0.000000000), (0.000000836, 23.611200000), (0.000000680, 0.000000000)],
"best_19":[(0.000000978, 23.601600000), (0.000000785, 0.000000000), (0.000001052, 23.628000000), (0.000000817, 0.000000000), (0.000001179, 23.640000000), (0.000000904, 0.000000000), (0.000001076, 23.637600000), (0.000000922, 0.000000000), (0.000001131, 23.616000000), (0.000000817, 0.000000000), (0.000001051, 23.601600000), (0.000000763, 0.000000000), (0.000001006, 23.628000000), (0.000000797, 0.000000000), (0.000001006, 23.640000000), (0.000000774, 0.000000000), (0.000001107, 23.637600000), (0.000000770, 0.000000000), (0.000001009, 23.616000000), (0.000000791, 0.000000000), (0.000001070, 23.601600000), (0.000000777, 0.000000000), (0.000001007, 23.628000000), (0.000000782, 0.000000000), (0.000001044, 23.640000000), (0.000000780, 0.000000000), (0.000001120, 23.637600000), (0.000000794, 0.000000000), (0.000001013, 23.616000000), (0.000000805, 0.000000000), (0.000001080, 23.601600000), (0.000000776, 0.000000000), (0.000001007, 23.628000000), (0.000000771, 0.000000000), (0.000001016, 23.640000000), (0.000000790, 0.000000000), (0.000001043, 23.637600000), (0.000000781, 0.000000000), (0.000001001, 23.616000000), (0.000000789, 0.000000000), (0.000001166, 23.601600000), (0.000000771, 0.000000000), (0.000001047, 23.628000000), (0.000000766, 0.000000000), (0.000001026, 23.640000000), (0.000000783, 0.000000000), (0.000000997, 23.637600000), (0.000000790, 0.000000000), (0.000000998, 23.616000000), (0.000000783, 0.000000000), (0.000000950, 23.601600000), (0.000000752, 0.000000000), (0.000001009, 23.628000000), (0.000000923, 0.000000000), (0.000001028, 23.640000000), (0.000000758, 0.000000000), (0.000000991, 23.637600000), (0.000000775, 0.000000000), (0.000001041, 23.616000000), (0.000000814, 0.000000000), (0.000001005, 23.601600000), (0.000000770, 0.000000000), (0.000001014, 23.628000000), (0.000000763, 0.000000000), (0.000001012, 23.640000000), (0.000000772, 0.000000000), (0.000001012, 23.637600000), (0.000000780, 0.000000000), (0.000001069, 23.616000000), (0.000000874, 0.000000000), (0.000001071, 23.601600000), (0.000000771, 0.000000000), (0.000001031, 23.628000000), (0.000000767, 0.000000000), (0.000001026, 23.640000000), (0.000000773, 0.000000000), (0.000001005, 23.637600000), (0.000000782, 0.000000000), (0.000000997, 23.616000000), (0.000000927, 0.000000000), (0.000000995, 23.601600000), (0.000000768, 0.000000000), (0.000000999, 23.628000000), (0.000000902, 0.000000000), (0.000001037, 23.640000000), (0.000000781, 0.000000000), (0.000001015, 23.637600000), (0.000000788, 0.000000000), (0.000001038, 23.616000000), (0.000000803, 0.000000000), (0.000001016, 23.601600000), (0.000000774, 0.000000000), (0.000001042, 23.628000000), (0.000000767, 0.000000000), (0.000001011, 23.640000000), (0.000000779, 0.000000000), (0.000000996, 23.637600000), (0.000000790, 0.000000000), (0.000001019, 23.616000000), (0.000000815, 0.000000000)],
"best_20":[(0.000001137, 23.601600000), (0.000000918, 0.000000000), (0.000001212, 23.532000000), (0.000000924, 0.000000000), (0.000001215, 23.656800000), (0.000001028, 0.000000000), (0.000001233, 23.584800000), (0.000000945, 0.000000000), (0.000001219, 23.656800000), (0.000001007, 0.000000000), (0.000001136, 23.601600000), (0.000000876, 0.000000000), (0.000001173, 23.532000000), (0.000000880, 0.000000000), (0.000001159, 23.656800000), (0.000000882, 0.000000000), (0.000001154, 23.584800000), (0.000000895, 0.000000000), (0.000001210, 23.656800000), (0.000000888, 0.000000000), (0.000001232, 23.601600000), (0.000001020, 0.000000000), (0.000001271, 23.532000000), (0.000001028, 0.000000000), (0.000001251, 23.656800000), (0.000000952, 0.000000000), (0.000001162, 23.584800000), (0.000000889, 0.000000000), (0.000001166, 23.656800000), (0.000000907, 0.000000000), (0.000001117, 23.601600000), (0.000000939, 0.000000000), (0.000001177, 23.532000000), (0.000000912, 0.000000000), (0.000001168, 23.656800000), (0.000000918, 0.000000000), (0.000001198, 23.584800000), (0.000000890, 0.000000000), (0.000001170, 23.656800000), (0.000000904, 0.000000000), (0.000001200, 23.601600000), (0.000000938, 0.000000000), (0.000001186, 23.532000000), (0.000000923, 0.000000000), (0.000001179, 23.656800000), (0.000000994, 0.000000000), (0.000001170, 23.584800000), (0.000000892, 0.000000000), (0.000001187, 23.656800000), (0.000000899, 0.000000000), (0.000001108, 23.601600000), (0.000000903, 0.000000000), (0.000001195, 23.532000000), (0.000000880, 0.000000000), (0.000001175, 23.656800000), (0.000000894, 0.000000000), (0.000001166, 23.584800000), (0.000000895, 0.000000000), (0.000001215, 23.656800000), (0.000000907, 0.000000000), (0.000001110, 23.601600000), (0.000000894, 0.000000000), (0.000001211, 23.532000000), (0.000000891, 0.000000000), (0.000001166, 23.656800000), (0.000000898, 0.000000000), (0.000001166, 23.584800000), (0.000000899, 0.000000000), (0.000001174, 23.656800000), (0.000000933, 0.000000000), (0.000001132, 23.601600000), (0.000000971, 0.000000000), (0.000001208, 23.532000000), (0.000000885, 0.000000000), (0.000001174, 23.656800000), (0.000000898, 0.000000000), (0.000001165, 23.584800000), (0.000000919, 0.000000000), (0.000001163, 23.656800000), (0.000000911, 0.000000000), (0.000001102, 23.601600000), (0.000000902, 0.000000000), (0.000001209, 23.532000000), (0.000000890, 0.000000000), (0.000001191, 23.656800000), (0.000000893, 0.000000000), (0.000001163, 23.584800000), (0.000000882, 0.000000000), (0.000001169, 23.656800000), (0.000000902, 0.000000000), (0.000001131, 23.601600000), (0.000000952, 0.000000000), (0.000001213, 23.532000000), (0.000000909, 0.000000000), (0.000001169, 23.656800000), (0.000001013, 0.000000000), (0.000001205, 23.584800000), (0.000000943, 0.000000000), (0.000001164, 23.656800000), (0.000000901, 0.000000000)],
"best_21":[(0.000001343, 23.630400000), (0.000001049, 0.000000000), (0.000001365, 23.613600000), (0.000001086, 0.000000000), (0.000001372, 23.616000000), (0.000001061, 0.000000000), (0.000001354, 23.635200000), (0.000001108, 0.000000000), (0.000001383, 23.596800000), (0.000001084, 0.000000000), (0.000001252, 23.630400000), (0.000000984, 0.000000000), (0.000001461, 23.613600000), (0.000001103, 0.000000000), (0.000001404, 23.616000000), (0.000001172, 0.000000000), (0.000001422, 23.635200000), (0.000001026, 0.000000000), (0.000001313, 23.596800000), (0.000001043, 0.000000000), (0.000001282, 23.630400000), (0.000000996, 0.000000000), (0.000001337, 23.613600000), (0.000000992, 0.000000000), (0.000001309, 23.616000000), (0.000001000, 0.000000000), (0.000001380, 23.635200000), (0.000000999, 0.000000000), (0.000001413, 23.596800000), (0.000001037, 0.000000000), (0.000001297, 23.630400000), (0.000000986, 0.000000000), (0.000001366, 23.613600000), (0.000001000, 0.000000000), (0.000001291, 23.616000000), (0.000000987, 0.000000000), (0.000001287, 23.635200000), (0.000001003, 0.000000000), (0.000001286, 23.596800000), (0.000001016, 0.000000000), (0.000001266, 23.630400000), (0.000001067, 0.000000000), (0.000001318, 23.613600000), (0.000001072, 0.000000000), (0.000001312, 23.616000000), (0.000001048, 0.000000000), (0.000001310, 23.635200000), (0.000001038, 0.000000000), (0.000001399, 23.596800000), (0.000001017, 0.000000000), (0.000001249, 23.630400000), (0.000000983, 0.000000000), (0.000001299, 23.613600000), (0.000000995, 0.000000000), (0.000001289, 23.616000000), (0.000001004, 0.000000000), (0.000001298, 23.635200000), (0.000001013, 0.000000000), (0.000001291, 23.596800000), (0.000001029, 0.000000000), (0.000001257, 23.630400000), (0.000001005, 0.000000000), (0.000001360, 23.613600000), (0.000000994, 0.000000000), (0.000001305, 23.616000000), (0.000000991, 0.000000000), (0.000001325, 23.635200000), (0.000001141, 0.000000000), (0.000001331, 23.596800000), (0.000001007, 0.000000000), (0.000001295, 23.630400000), (0.000001017, 0.000000000), (0.000001324, 23.613600000), (0.000001077, 0.000000000), (0.000001318, 23.616000000), (0.000001048, 0.000000000), (0.000001319, 23.635200000), (0.000001103, 0.000000000), (0.000001294, 23.596800000), (0.000001052, 0.000000000), (0.000001320, 23.630400000), (0.000000998, 0.000000000), (0.000001371, 23.613600000), (0.000000994, 0.000000000), (0.000001307, 23.616000000), (0.000001018, 0.000000000), (0.000001308, 23.635200000), (0.000001022, 0.000000000), (0.000001285, 23.596800000), (0.000001164, 0.000000000), (0.000001274, 23.630400000), (0.000001041, 0.000000000), (0.000001411, 23.613600000), (0.000000988, 0.000000000), (0.000001294, 23.616000000), (0.000000994, 0.000000000), (0.000001314, 23.635200000), (0.000000993, 0.000000000), (0.000001301, 23.596800000), (0.000001001, 0.000000000)],
"best_22":[(0.000001533, 23.630400000), (0.000001238, 0.000000000), (0.000001555, 23.611200000), (0.000001255, 0.000000000), (0.000001575, 23.656800000), (0.000001251, 0.000000000), (0.000001587, 23.613600000), (0.000001245, 0.000000000), (0.000001551, 23.604000000), (0.000001272, 0.000000000), (0.000001426, 23.630400000), (0.000001164, 0.000000000), (0.000001564, 23.611200000), (0.000001164, 0.000000000), (0.000001600, 23.656800000), (0.000001234, 0.000000000), (0.000001643, 23.613600000), (0.000001165, 0.000000000), (0.000001537, 23.604000000), (0.000001185, 0.000000000), (0.000001446, 23.630400000), (0.000001190, 0.000000000), (0.000001592, 23.611200000), (0.000001203, 0.000000000), (0.000001618, 23.656800000), (0.000001163, 0.000000000), (0.000001595, 23.613600000), (0.000001279, 0.000000000), (0.000001502, 23.604000000), (0.000001176, 0.000000000), (0.000001473, 23.630400000), (0.000001204, 0.000000000), (0.000001703, 23.611200000), (0.000001179, 0.000000000), (0.000001629, 23.656800000), (0.000001206, 0.000000000), (0.000001591, 23.613600000), (0.000001183, 0.000000000), (0.000001527, 23.604000000), (0.000001176, 0.000000000), (0.000001443, 23.630400000), (0.000001150, 0.000000000), (0.000001539, 23.611200000), (0.000001165, 0.000000000), (0.000001545, 23.656800000), (0.000001165, 0.000000000), (0.000001556, 23.613600000), (0.000001243, 0.000000000), (0.000001582, 23.604000000), (0.000001219, 0.000000000), (0.000001429, 23.630400000), (0.000001137, 0.000000000), (0.000001512, 23.611200000), (0.000001197, 0.000000000), (0.000001525, 23.656800000), (0.000001136, 0.000000000), (0.000001500, 23.613600000), (0.000001159, 0.000000000), (0.000001514, 23.604000000), (0.000001156, 0.000000000), (0.000001510, 23.630400000), (0.000001188, 0.000000000), (0.000001524, 23.611200000), (0.000001181, 0.000000000), (0.000001525, 23.656800000), (0.000001186, 0.000000000), (0.000001487, 23.613600000), (0.000001192, 0.000000000), (0.000001544, 23.604000000), (0.000001263, 0.000000000), (0.000001441, 23.630400000), (0.000001156, 0.000000000), (0.000001584, 23.611200000), (0.000001186, 0.000000000), (0.000001511, 23.656800000), (0.000001178, 0.000000000), (0.000001503, 23.613600000), (0.000001192, 0.000000000), (0.000001510, 23.604000000), (0.000001181, 0.000000000), (0.000001470, 23.630400000), (0.000001151, 0.000000000), (0.000001591, 23.611200000), (0.000001195, 0.000000000), (0.000001699, 23.656800000), (0.000001227, 0.000000000), (0.000001510, 23.613600000), (0.000001146, 0.000000000), (0.000001555, 23.604000000), (0.000001231, 0.000000000), (0.000001487, 23.630400000), (0.000001200, 0.000000000), (0.000001608, 23.611200000), (0.000001219, 0.000000000), (0.000001536, 23.656800000), (0.000001272, 0.000000000), (0.000001622, 23.613600000), (0.000001183, 0.000000000), (0.000001604, 23.604000000), (0.000001196, 0.000000000)],
"best_23":[(0.000001819, 23.620800000), (0.000001528, 0.000000000), (0.000001897, 23.594400000), (0.000001505, 0.000000000), (0.000001914, 23.565600000), (0.000001633, 0.000000000), (0.000001887, 23.647200000), (0.000001506, 0.000000000), (0.000001866, 23.580000000), (0.000001565, 0.000000000), (0.000001753, 23.620800000), (0.000001510, 0.000000000), (0.000001967, 23.594400000), (0.000001490, 0.000000000), (0.000001886, 23.565600000), (0.000001500, 0.000000000), (0.000001873, 23.647200000), (0.000001504, 0.000000000), (0.000001911, 23.580000000), (0.000001550, 0.000000000), (0.000001778, 23.620800000), (0.000001548, 0.000000000), (0.000001852, 23.594400000), (0.000001463, 0.000000000), (0.000001902, 23.565600000), (0.000001465, 0.000000000), (0.000001862, 23.647200000), (0.000001488, 0.000000000), (0.000001835, 23.580000000), (0.000001464, 0.000000000), (0.000001754, 23.620800000), (0.000001516, 0.000000000), (0.000001824, 23.594400000), (0.000001441, 0.000000000), (0.000001873, 23.565600000), (0.000001452, 0.000000000), (0.000001927, 23.647200000), (0.000001517, 0.000000000), (0.000001866, 23.580000000), (0.000001466, 0.000000000), (0.000001884, 23.620800000), (0.000001467, 0.000000000), (0.000001862, 23.594400000), (0.000001463, 0.000000000), (0.000001839, 23.565600000), (0.000001480, 0.000000000), (0.000001955, 23.647200000), (0.000001487, 0.000000000), (0.000001897, 23.580000000), (0.000001471, 0.000000000), (0.000001801, 23.620800000), (0.000001444, 0.000000000), (0.000001874, 23.594400000), (0.000001488, 0.000000000), (0.000002024, 23.565600000), (0.000001452, 0.000000000), (0.000001847, 23.647200000), (0.000001540, 0.000000000), (0.000001865, 23.580000000), (0.000001480, 0.000000000), (0.000001754, 23.620800000), (0.000001499, 0.000000000), (0.000001831, 23.594400000), (0.000001486, 0.000000000), (0.000001877, 23.565600000), (0.000001517, 0.000000000), (0.000001859, 23.647200000), (0.000001440, 0.000000000), (0.000001869, 23.580000000), (0.000001524, 0.000000000), (0.000001840, 23.620800000), (0.000001458, 0.000000000), (0.000001840, 23.594400000), (0.000001522, 0.000000000), (0.000001858, 23.565600000), (0.000001483, 0.000000000), (0.000001831, 23.647200000), (0.000001483, 0.000000000), (0.000001874, 23.580000000), (0.000001453, 0.000000000), (0.000001932, 23.620800000), (0.000001700, 0.000000000), (0.000001876, 23.594400000), (0.000001460, 0.000000000), (0.000001871, 23.565600000), (0.000001463, 0.000000000), (0.000002062, 23.647200000), (0.000001580, 0.000000000), (0.000001849, 23.580000000), (0.000001482, 0.000000000), (0.000001758, 23.620800000), (0.000001448, 0.000000000), (0.000001853, 23.594400000), (0.000001429, 0.000000000), (0.000001890, 23.565600000), (0.000001414, 0.000000000), (0.000001894, 23.647200000), (0.000001439, 0.000000000), (0.000001875, 23.580000000), (0.000001445, 0.000000000)],
"best_24":[(0.000002123, 23.604000000), (0.000001796, 0.000000000), (0.000002274, 23.596800000), (0.000001811, 0.000000000), (0.000002256, 23.644800000), (0.000001746, 0.000000000), (0.000002314, 23.592000000), (0.000001828, 0.000000000), (0.000002251, 23.683200000), (0.000001810, 0.000000000), (0.000002084, 23.604000000), (0.000001764, 0.000000000), (0.000002261, 23.596800000), (0.000001708, 0.000000000), (0.000002294, 23.644800000), (0.000001751, 0.000000000), (0.000002211, 23.592000000), (0.000001727, 0.000000000), (0.000002178, 23.683200000), (0.000001780, 0.000000000), (0.000002247, 23.604000000), (0.000001827, 0.000000000), (0.000002185, 23.596800000), (0.000001738, 0.000000000), (0.000002172, 23.644800000), (0.000001815, 0.000000000), (0.000002187, 23.592000000), (0.000001833, 0.000000000), (0.000002172, 23.683200000), (0.000001710, 0.000000000), (0.000002085, 23.604000000), (0.000001722, 0.000000000), (0.000002195, 23.596800000), (0.000001682, 0.000000000), (0.000002179, 23.644800000), (0.000001777, 0.000000000), (0.000002273, 23.592000000), (0.000001718, 0.000000000), (0.000002180, 23.683200000), (0.000001705, 0.000000000), (0.000002081, 23.604000000), (0.000001722, 0.000000000), (0.000002232, 23.596800000), (0.000001689, 0.000000000), (0.000002199, 23.644800000), (0.000001847, 0.000000000), (0.000002231, 23.592000000), (0.000001706, 0.000000000), (0.000002262, 23.683200000), (0.000001728, 0.000000000), (0.000002096, 23.604000000), (0.000001744, 0.000000000), (0.000002190, 23.596800000), (0.000001676, 0.000000000), (0.000002154, 23.644800000), (0.000001853, 0.000000000), (0.000002238, 23.592000000), (0.000001687, 0.000000000), (0.000002142, 23.683200000), (0.000001661, 0.000000000), (0.000002033, 23.604000000), (0.000001711, 0.000000000), (0.000002202, 23.596800000), (0.000001689, 0.000000000), (0.000002216, 23.644800000), (0.000001773, 0.000000000), (0.000002278, 23.592000000), (0.000001749, 0.000000000), (0.000002157, 23.683200000), (0.000001708, 0.000000000), (0.000001996, 23.604000000), (0.000001693, 0.000000000), (0.000002220, 23.596800000), (0.000001664, 0.000000000), (0.000002178, 23.644800000), (0.000001669, 0.000000000), (0.000002244, 23.592000000), (0.000001657, 0.000000000), (0.000002242, 23.683200000), (0.000001681, 0.000000000), (0.000002009, 23.604000000), (0.000001663, 0.000000000), (0.000002159, 23.596800000), (0.000001677, 0.000000000), (0.000002260, 23.644800000), (0.000001686, 0.000000000), (0.000002127, 23.592000000), (0.000001693, 0.000000000), (0.000002138, 23.683200000), (0.000001691, 0.000000000), (0.000002061, 23.604000000), (0.000001731, 0.000000000), (0.000002534, 23.596800000), (0.000001799, 0.000000000), (0.000002296, 23.644800000), (0.000001707, 0.000000000), (0.000002312, 23.592000000), (0.000001662, 0.000000000), (0.000002325, 23.683200000), (0.000001777, 0.000000000)],
"best_25":[(0.000002446, 23.671200000), (0.000002014, 0.000000000), (0.000002573, 23.611200000), (0.000002322, 0.000000000), (0.000002926, 23.620800000), (0.000002142, 0.000000000), (0.000002580, 23.606400000), (0.000002075, 0.000000000), (0.000002568, 23.642400000), (0.000002120, 0.000000000), (0.000002519, 23.671200000), (0.000002383, 0.000000000), (0.000002512, 23.611200000), (0.000001905, 0.000000000), (0.000002643, 23.620800000), (0.000002182, 0.000000000), (0.000002770, 23.606400000), (0.000001948, 0.000000000), (0.000002506, 23.642400000), (0.000001954, 0.000000000), (0.000002603, 23.671200000), (0.000002242, 0.000000000), (0.000002694, 23.611200000), (0.000001987, 0.000000000), (0.000002577, 23.620800000), (0.000002000, 0.000000000), (0.000002504, 23.606400000), (0.000001964, 0.000000000), (0.000002541, 23.642400000), (0.000001962, 0.000000000), (0.000002449, 23.671200000), (0.000002190, 0.000000000), (0.000002819, 23.611200000), (0.000002058, 0.000000000), (0.000002576, 23.620800000), (0.000001954, 0.000000000), (0.000002596, 23.606400000), (0.000001990, 0.000000000), (0.000002535, 23.642400000), (0.000002059, 0.000000000), (0.000002667, 23.671200000), (0.000002153, 0.000000000), (0.000002782, 23.611200000), (0.000001932, 0.000000000), (0.000002529, 23.620800000), (0.000001945, 0.000000000), (0.000002629, 23.606400000), (0.000001935, 0.000000000), (0.000002499, 23.642400000), (0.000002014, 0.000000000), (0.000002508, 23.671200000), (0.000001973, 0.000000000), (0.000002602, 23.611200000), (0.000001891, 0.000000000), (0.000002564, 23.620800000), (0.000002005, 0.000000000), (0.000002510, 23.606400000), (0.000001942, 0.000000000), (0.000002495, 23.642400000), (0.000001985, 0.000000000), (0.000002534, 23.671200000), (0.000002103, 0.000000000), (0.000002642, 23.611200000), (0.000001984, 0.000000000), (0.000002521, 23.620800000), (0.000001928, 0.000000000), (0.000002489, 23.606400000), (0.000001895, 0.000000000), (0.000002531, 23.642400000), (0.000001918, 0.000000000), (0.000002540, 23.671200000), (0.000002085, 0.000000000), (0.000003190, 23.611200000), (0.000002103, 0.000000000), (0.000002459, 23.620800000), (0.000001866, 0.000000000), (0.000002429, 23.606400000), (0.000001982, 0.000000000), (0.000002438, 23.642400000), (0.000001907, 0.000000000), (0.000002528, 23.671200000), (0.000002207, 0.000000000), (0.000002454, 23.611200000), (0.000001899, 0.000000000), (0.000002439, 23.620800000), (0.000002062, 0.000000000), (0.000002463, 23.606400000), (0.000001906, 0.000000000), (0.000002507, 23.642400000), (0.000001911, 0.000000000), (0.000002475, 23.671200000), (0.000001912, 0.000000000), (0.000002640, 23.611200000), (0.000001915, 0.000000000), (0.000002561, 23.620800000), (0.000001931, 0.000000000), (0.000002424, 23.606400000), (0.000001893, 0.000000000), (0.000002499, 23.642400000), (0.000001962, 0.000000000)],
"worst_21":[(0.000000543, 23.534400000), (0.000000434, 0.000000000), (0.000000633, 23.544000000), (0.000000421, 0.000000000), (0.000000535, 23.491200000), (0.000000459, 0.000000000), (0.000000541, 23.486400000), (0.000000417, 0.000000000), (0.000000571, 23.481600000), (0.000000433, 0.000000000), (0.000000520, 23.534400000), (0.000000449, 0.000000000), (0.000000528, 23.544000000), (0.000000441, 0.000000000), (0.000000555, 23.491200000), (0.000000465, 0.000000000), (0.000000616, 23.486400000), (0.000000443, 0.000000000), (0.000000646, 23.481600000), (0.000000461, 0.000000000), (0.000000535, 23.534400000), (0.000000436, 0.000000000), (0.000000571, 23.544000000), (0.000000453, 0.000000000), (0.000000577, 23.491200000), (0.000000467, 0.000000000), (0.000000587, 23.486400000), (0.000000466, 0.000000000), (0.000000594, 23.481600000), (0.000000500, 0.000000000), (0.000000688, 23.534400000), (0.000000458, 0.000000000), (0.000000552, 23.544000000), (0.000000435, 0.000000000), (0.000000562, 23.491200000), (0.000000454, 0.000000000), (0.000000564, 23.486400000), (0.000000479, 0.000000000), (0.000000582, 23.481600000), (0.000000468, 0.000000000), (0.000000540, 23.534400000), (0.000000456, 0.000000000), (0.000000574, 23.544000000), (0.000000452, 0.000000000), (0.000000747, 23.491200000), (0.000000437, 0.000000000), (0.000000579, 23.486400000), (0.000000457, 0.000000000), (0.000000597, 23.481600000), (0.000000465, 0.000000000), (0.000000560, 23.534400000), (0.000000460, 0.000000000), (0.000000570, 23.544000000), (0.000000462, 0.000000000), (0.000000582, 23.491200000), (0.000000456, 0.000000000), (0.000000622, 23.486400000), (0.000000480, 0.000000000), (0.000000610, 23.481600000), (0.000000469, 0.000000000), (0.000000526, 23.534400000), (0.000000446, 0.000000000), (0.000000559, 23.544000000), (0.000000461, 0.000000000), (0.000000585, 23.491200000), (0.000000462, 0.000000000), (0.000000590, 23.486400000), (0.000000467, 0.000000000), (0.000000601, 23.481600000), (0.000000480, 0.000000000), (0.000000540, 23.534400000), (0.000000499, 0.000000000), (0.000000539, 23.544000000), (0.000000435, 0.000000000), (0.000000557, 23.491200000), (0.000000454, 0.000000000), (0.000000596, 23.486400000), (0.000000480, 0.000000000), (0.000000746, 23.481600000), (0.000000469, 0.000000000), (0.000000557, 23.534400000), (0.000000459, 0.000000000), (0.000000578, 23.544000000), (0.000000472, 0.000000000), (0.000000570, 23.491200000), (0.000000465, 0.000000000), (0.000000580, 23.486400000), (0.000000512, 0.000000000), (0.000000618, 23.481600000), (0.000000549, 0.000000000), (0.000000562, 23.534400000), (0.000000457, 0.000000000), (0.000000601, 23.544000000), (0.000000477, 0.000000000), (0.000000600, 23.491200000), (0.000000614, 0.000000000), (0.000000627, 23.486400000), (0.000000500, 0.000000000), (0.000000605, 23.481600000), (0.000000493, 0.000000000)],
"worst_22":[(0.000000573, 23.589600000), (0.000000466, 0.000000000), (0.000000575, 23.596800000), (0.000000595, 0.000000000), (0.000000630, 23.551200000), (0.000000520, 0.000000000), (0.000000632, 23.529600000), (0.000000515, 0.000000000), (0.000000682, 23.520000000), (0.000000490, 0.000000000), (0.000000594, 23.589600000), (0.000000510, 0.000000000), (0.000000606, 23.596800000), (0.000000510, 0.000000000), (0.000000578, 23.551200000), (0.000000492, 0.000000000), (0.000000607, 23.529600000), (0.000000509, 0.000000000), (0.000000649, 23.520000000), (0.000000503, 0.000000000), (0.000000598, 23.589600000), (0.000000507, 0.000000000), (0.000000595, 23.596800000), (0.000000506, 0.000000000), (0.000000684, 23.551200000), (0.000000498, 0.000000000), (0.000000653, 23.529600000), (0.000000498, 0.000000000), (0.000000621, 23.520000000), (0.000000493, 0.000000000), (0.000000721, 23.589600000), (0.000000478, 0.000000000), (0.000000565, 23.596800000), (0.000000458, 0.000000000), (0.000000611, 23.551200000), (0.000000481, 0.000000000), (0.000000630, 23.529600000), (0.000000487, 0.000000000), (0.000000616, 23.520000000), (0.000000547, 0.000000000), (0.000000589, 23.589600000), (0.000000492, 0.000000000), (0.000000670, 23.596800000), (0.000000500, 0.000000000), (0.000000628, 23.551200000), (0.000000492, 0.000000000), (0.000000615, 23.529600000), (0.000000473, 0.000000000), (0.000000598, 23.520000000), (0.000000525, 0.000000000), (0.000000593, 23.589600000), (0.000000501, 0.000000000), (0.000000635, 23.596800000), (0.000000493, 0.000000000), (0.000000644, 23.551200000), (0.000000495, 0.000000000), (0.000000576, 23.529600000), (0.000000476, 0.000000000), (0.000000593, 23.520000000), (0.000000491, 0.000000000), (0.000000579, 23.589600000), (0.000000496, 0.000000000), (0.000000635, 23.596800000), (0.000000490, 0.000000000), (0.000000615, 23.551200000), (0.000000498, 0.000000000), (0.000000604, 23.529600000), (0.000000492, 0.000000000), (0.000000614, 23.520000000), (0.000000543, 0.000000000), (0.000000641, 23.589600000), (0.000000518, 0.000000000), (0.000000580, 23.596800000), (0.000000497, 0.000000000), (0.000000612, 23.551200000), (0.000000621, 0.000000000), (0.000000589, 23.529600000), (0.000000502, 0.000000000), (0.000000587, 23.520000000), (0.000000540, 0.000000000), (0.000000550, 23.589600000), (0.000000512, 0.000000000), (0.000000564, 23.596800000), (0.000000752, 0.000000000), (0.000000594, 23.551200000), (0.000000486, 0.000000000), (0.000000610, 23.529600000), (0.000000474, 0.000000000), (0.000000643, 23.520000000), (0.000000522, 0.000000000), (0.000000605, 23.589600000), (0.000000658, 0.000000000), (0.000000609, 23.596800000), (0.000000499, 0.000000000), (0.000000611, 23.551200000), (0.000000517, 0.000000000), (0.000000618, 23.529600000), (0.000000507, 0.000000000), (0.000000642, 23.520000000), (0.000000498, 0.000000000)],
"worst_23":[(0.000000759, 23.568000000), (0.000000550, 0.000000000), (0.000000701, 23.594400000), (0.000000548, 0.000000000), (0.000000674, 23.654400000), (0.000000606, 0.000000000), (0.000000665, 23.611200000), (0.000000569, 0.000000000), (0.000000711, 23.546400000), (0.000000560, 0.000000000), (0.000000644, 23.568000000), (0.000000580, 0.000000000), (0.000000659, 23.594400000), (0.000000558, 0.000000000), (0.000000753, 23.654400000), (0.000000533, 0.000000000), (0.000000703, 23.611200000), (0.000000556, 0.000000000), (0.000000705, 23.546400000), (0.000000592, 0.000000000), (0.000000658, 23.568000000), (0.000000599, 0.000000000), (0.000000628, 23.594400000), (0.000000556, 0.000000000), (0.000000735, 23.654400000), (0.000000550, 0.000000000), (0.000000710, 23.611200000), (0.000000554, 0.000000000), (0.000000701, 23.546400000), (0.000000556, 0.000000000), (0.000000679, 23.568000000), (0.000000540, 0.000000000), (0.000000652, 23.594400000), (0.000000542, 0.000000000), (0.000000643, 23.654400000), (0.000000557, 0.000000000), (0.000000643, 23.611200000), (0.000000588, 0.000000000), (0.000000685, 23.546400000), (0.000000561, 0.000000000), (0.000000617, 23.568000000), (0.000000600, 0.000000000), (0.000000721, 23.594400000), (0.000000549, 0.000000000), (0.000000659, 23.654400000), (0.000000560, 0.000000000), (0.000000655, 23.611200000), (0.000000568, 0.000000000), (0.000000747, 23.546400000), (0.000000564, 0.000000000), (0.000000634, 23.568000000), (0.000000620, 0.000000000), (0.000000655, 23.594400000), (0.000000557, 0.000000000), (0.000000651, 23.654400000), (0.000000566, 0.000000000), (0.000000713, 23.611200000), (0.000000553, 0.000000000), (0.000000632, 23.546400000), (0.000000586, 0.000000000), (0.000000658, 23.568000000), (0.000000551, 0.000000000), (0.000000655, 23.594400000), (0.000000651, 0.000000000), (0.000000666, 23.654400000), (0.000000557, 0.000000000), (0.000000677, 23.611200000), (0.000000558, 0.000000000), (0.000000717, 23.546400000), (0.000000573, 0.000000000), (0.000000634, 23.568000000), (0.000000557, 0.000000000), (0.000000649, 23.594400000), (0.000000535, 0.000000000), (0.000000652, 23.654400000), (0.000000596, 0.000000000), (0.000000646, 23.611200000), (0.000000565, 0.000000000), (0.000000703, 23.546400000), (0.000000569, 0.000000000), (0.000000650, 23.568000000), (0.000000545, 0.000000000), (0.000000674, 23.594400000), (0.000000543, 0.000000000), (0.000000656, 23.654400000), (0.000000583, 0.000000000), (0.000000646, 23.611200000), (0.000000550, 0.000000000), (0.000000700, 23.546400000), (0.000000554, 0.000000000), (0.000000662, 23.568000000), (0.000000680, 0.000000000), (0.000000694, 23.594400000), (0.000000545, 0.000000000), (0.000000662, 23.654400000), (0.000000587, 0.000000000), (0.000000659, 23.611200000), (0.000000681, 0.000000000), (0.000000641, 23.546400000), (0.000000621, 0.000000000)],
"worst_24":[(0.000000720, 23.608800000), (0.000000710, 0.000000000), (0.000000987, 23.616000000), (0.000000852, 0.000000000), (0.000000995, 23.668800000), (0.000000812, 0.000000000), (0.000001050, 23.589600000), (0.000000814, 0.000000000), (0.000000791, 23.599200000), (0.000000666, 0.000000000), (0.000000933, 23.608800000), (0.000000695, 0.000000000), (0.000000741, 23.616000000), (0.000000651, 0.000000000), (0.000000763, 23.668800000), (0.000000813, 0.000000000), (0.000000888, 23.589600000), (0.000000677, 0.000000000), (0.000000766, 23.599200000), (0.000000740, 0.000000000), (0.000000752, 23.608800000), (0.000000703, 0.000000000), (0.000000917, 23.616000000), (0.000000642, 0.000000000), (0.000000801, 23.668800000), (0.000000652, 0.000000000), (0.000000876, 23.589600000), (0.000000645, 0.000000000), (0.000000739, 23.599200000), (0.000000702, 0.000000000), (0.000000744, 23.608800000), (0.000000692, 0.000000000), (0.000000776, 23.616000000), (0.000000639, 0.000000000), (0.000000848, 23.668800000), (0.000000629, 0.000000000), (0.000000779, 23.589600000), (0.000000683, 0.000000000), (0.000000789, 23.599200000), (0.000000675, 0.000000000), (0.000000761, 23.608800000), (0.000000657, 0.000000000), (0.000000770, 23.616000000), (0.000000781, 0.000000000), (0.000000764, 23.668800000), (0.000000633, 0.000000000), (0.000000793, 23.589600000), (0.000000646, 0.000000000), (0.000000751, 23.599200000), (0.000000741, 0.000000000), (0.000000707, 23.608800000), (0.000000628, 0.000000000), (0.000000719, 23.616000000), (0.000000659, 0.000000000), (0.000000770, 23.668800000), (0.000000639, 0.000000000), (0.000000752, 23.589600000), (0.000000813, 0.000000000), (0.000000777, 23.599200000), (0.000000643, 0.000000000), (0.000000771, 23.608800000), (0.000000658, 0.000000000), (0.000000740, 23.616000000), (0.000000760, 0.000000000), (0.000000769, 23.668800000), (0.000000639, 0.000000000), (0.000000794, 23.589600000), (0.000000636, 0.000000000), (0.000000751, 23.599200000), (0.000000705, 0.000000000), (0.000000704, 23.608800000), (0.000000628, 0.000000000), (0.000000716, 23.616000000), (0.000000606, 0.000000000), (0.000000706, 23.668800000), (0.000000684, 0.000000000), (0.000000735, 23.589600000), (0.000000636, 0.000000000), (0.000000740, 23.599200000), (0.000000613, 0.000000000), (0.000000705, 23.608800000), (0.000000755, 0.000000000), (0.000000725, 23.616000000), (0.000000644, 0.000000000), (0.000000819, 23.668800000), (0.000000644, 0.000000000), (0.000000737, 23.589600000), (0.000000708, 0.000000000), (0.000000775, 23.599200000), (0.000000641, 0.000000000), (0.000000788, 23.608800000), (0.000000680, 0.000000000), (0.000000778, 23.616000000), (0.000000617, 0.000000000), (0.000000738, 23.668800000), (0.000000624, 0.000000000), (0.000000896, 23.589600000), (0.000000636, 0.000000000), (0.000000767, 23.599200000), (0.000000617, 0.000000000)],
"worst_25":[(0.000000880, 23.632800000), (0.000000835, 0.000000000), (0.000000986, 23.656800000), (0.000000796, 0.000000000), (0.000000930, 23.620800000), (0.000000746, 0.000000000), (0.000000883, 23.637600000), (0.000000863, 0.000000000), (0.000000948, 23.635200000), (0.000000759, 0.000000000), (0.000000919, 23.632800000), (0.000000781, 0.000000000), (0.000000874, 23.656800000), (0.000000859, 0.000000000), (0.000000924, 23.620800000), (0.000000737, 0.000000000), (0.000000913, 23.637600000), (0.000000820, 0.000000000), (0.000000985, 23.635200000), (0.000000865, 0.000000000), (0.000000859, 23.632800000), (0.000000797, 0.000000000), (0.000000877, 23.656800000), (0.000000815, 0.000000000), (0.000000949, 23.620800000), (0.000000771, 0.000000000), (0.000000901, 23.637600000), (0.000000795, 0.000000000), (0.000000960, 23.635200000), (0.000000870, 0.000000000), (0.000000904, 23.632800000), (0.000000821, 0.000000000), (0.000000879, 23.656800000), (0.000000767, 0.000000000), (0.000000970, 23.620800000), (0.000000887, 0.000000000), (0.000000933, 23.637600000), (0.000000763, 0.000000000), (0.000000940, 23.635200000), (0.000000827, 0.000000000), (0.000000963, 23.632800000), (0.000000848, 0.000000000), (0.000000885, 23.656800000), (0.000000773, 0.000000000), (0.000000907, 23.620800000), (0.000000769, 0.000000000), (0.000000917, 23.637600000), (0.000000775, 0.000000000), (0.000000894, 23.635200000), (0.000000855, 0.000000000), (0.000001090, 23.632800000), (0.000000835, 0.000000000), (0.000000909, 23.656800000), (0.000000773, 0.000000000), (0.000000919, 23.620800000), (0.000000795, 0.000000000), (0.000000942, 23.637600000), (0.000000793, 0.000000000), (0.000000893, 23.635200000), (0.000000783, 0.000000000), (0.000000828, 23.632800000), (0.000000819, 0.000000000), (0.000000879, 23.656800000), (0.000000762, 0.000000000), (0.000001000, 23.620800000), (0.000000771, 0.000000000), (0.000000900, 23.637600000), (0.000000772, 0.000000000), (0.000000914, 23.635200000), (0.000000864, 0.000000000), (0.000000993, 23.632800000), (0.000000961, 0.000000000), (0.000001154, 23.656800000), (0.000000992, 0.000000000), (0.000000944, 23.620800000), (0.000000784, 0.000000000), (0.000000953, 23.637600000), (0.000000816, 0.000000000), (0.000000927, 23.635200000), (0.000000797, 0.000000000), (0.000000945, 23.632800000), (0.000000823, 0.000000000), (0.000000960, 23.656800000), (0.000000947, 0.000000000), (0.000001149, 23.620800000), (0.000000857, 0.000000000), (0.000000915, 23.637600000), (0.000000766, 0.000000000), (0.000000976, 23.635200000), (0.000000822, 0.000000000), (0.000000940, 23.632800000), (0.000000809, 0.000000000), (0.000000880, 23.656800000), (0.000000932, 0.000000000), (0.000001313, 23.620800000), (0.000000790, 0.000000000), (0.000000946, 23.637600000), (0.000000795, 0.000000000), (0.000000932, 23.635200000), (0.000000811, 0.000000000)],
"worst_26":[(0.000001035, 23.618400000), (0.000000958, 0.000000000), (0.000001019, 23.640000000), (0.000000915, 0.000000000), (0.000001097, 23.661600000), (0.000001012, 0.000000000), (0.000001135, 23.587200000), (0.000000897, 0.000000000), (0.000001074, 23.623200000), (0.000000901, 0.000000000), (0.000000963, 23.618400000), (0.000000964, 0.000000000), (0.000001133, 23.640000000), (0.000000980, 0.000000000), (0.000001076, 23.661600000), (0.000000918, 0.000000000), (0.000001082, 23.587200000), (0.000000935, 0.000000000), (0.000001185, 23.623200000), (0.000000953, 0.000000000), (0.000000980, 23.618400000), (0.000000945, 0.000000000), (0.000001052, 23.640000000), (0.000000907, 0.000000000), (0.000001252, 23.661600000), (0.000000970, 0.000000000), (0.000001095, 23.587200000), (0.000000904, 0.000000000), (0.000001066, 23.623200000), (0.000000903, 0.000000000), (0.000001045, 23.618400000), (0.000000982, 0.000000000), (0.000001166, 23.640000000), (0.000000939, 0.000000000), (0.000001086, 23.661600000), (0.000000890, 0.000000000), (0.000001053, 23.587200000), (0.000000901, 0.000000000), (0.000001113, 23.623200000), (0.000000923, 0.000000000), (0.000001048, 23.618400000), (0.000000954, 0.000000000), (0.000001042, 23.640000000), (0.000000889, 0.000000000), (0.000001114, 23.661600000), (0.000000889, 0.000000000), (0.000001147, 23.587200000), (0.000000889, 0.000000000), (0.000001088, 23.623200000), (0.000000918, 0.000000000), (0.000000998, 23.618400000), (0.000000998, 0.000000000), (0.000001067, 23.640000000), (0.000000883, 0.000000000), (0.000001059, 23.661600000), (0.000000904, 0.000000000), (0.000001078, 23.587200000), (0.000000876, 0.000000000), (0.000001096, 23.623200000), (0.000000896, 0.000000000), (0.000001024, 23.618400000), (0.000000983, 0.000000000), (0.000001061, 23.640000000), (0.000000927, 0.000000000), (0.000001085, 23.661600000), (0.000000900, 0.000000000), (0.000001058, 23.587200000), (0.000000902, 0.000000000), (0.000001089, 23.623200000), (0.000000908, 0.000000000), (0.000000996, 23.618400000), (0.000000949, 0.000000000), (0.000001059, 23.640000000), (0.000000911, 0.000000000), (0.000001060, 23.661600000), (0.000000952, 0.000000000), (0.000001110, 23.587200000), (0.000000889, 0.000000000), (0.000001071, 23.623200000), (0.000000886, 0.000000000), (0.000001044, 23.618400000), (0.000000971, 0.000000000), (0.000001107, 23.640000000), (0.000000941, 0.000000000), (0.000001088, 23.661600000), (0.000000906, 0.000000000), (0.000001065, 23.587200000), (0.000000900, 0.000000000), (0.000001061, 23.623200000), (0.000000931, 0.000000000), (0.000001042, 23.618400000), (0.000000953, 0.000000000), (0.000001054, 23.640000000), (0.000000883, 0.000000000), (0.000001059, 23.661600000), (0.000000909, 0.000000000), (0.000001093, 23.587200000), (0.000000905, 0.000000000), (0.000001088, 23.623200000), (0.000000908, 0.000000000)],
"worst_27":[(0.000001214, 23.671200000), (0.000001126, 0.000000000), (0.000001321, 23.565600000), (0.000001262, 0.000000000), (0.000001491, 23.620800000), (0.000001139, 0.000000000), (0.000001446, 23.628000000), (0.000001136, 0.000000000), (0.000001273, 23.596800000), (0.000001040, 0.000000000), (0.000001204, 23.671200000), (0.000001301, 0.000000000), (0.000001243, 23.565600000), (0.000001056, 0.000000000), (0.000001231, 23.620800000), (0.000001069, 0.000000000), (0.000001211, 23.628000000), (0.000001035, 0.000000000), (0.000001207, 23.596800000), (0.000001034, 0.000000000), (0.000001149, 23.671200000), (0.000001175, 0.000000000), (0.000001239, 23.565600000), (0.000001101, 0.000000000), (0.000001235, 23.620800000), (0.000001065, 0.000000000), (0.000001252, 23.628000000), (0.000001056, 0.000000000), (0.000001240, 23.596800000), (0.000001131, 0.000000000), (0.000001216, 23.671200000), (0.000001150, 0.000000000), (0.000001227, 23.565600000), (0.000001067, 0.000000000), (0.000001233, 23.620800000), (0.000001072, 0.000000000), (0.000001238, 23.628000000), (0.000001076, 0.000000000), (0.000001258, 23.596800000), (0.000001078, 0.000000000), (0.000001256, 23.671200000), (0.000001272, 0.000000000), (0.000001230, 23.565600000), (0.000001060, 0.000000000), (0.000001250, 23.620800000), (0.000001115, 0.000000000), (0.000001265, 23.628000000), (0.000001044, 0.000000000), (0.000001321, 23.596800000), (0.000001087, 0.000000000), (0.000001116, 23.671200000), (0.000001179, 0.000000000), (0.000001232, 23.565600000), (0.000001052, 0.000000000), (0.000001223, 23.620800000), (0.000001041, 0.000000000), (0.000001257, 23.628000000), (0.000001050, 0.000000000), (0.000001378, 23.596800000), (0.000001053, 0.000000000), (0.000001173, 23.671200000), (0.000001165, 0.000000000), (0.000001277, 23.565600000), (0.000001122, 0.000000000), (0.000001238, 23.620800000), (0.000001073, 0.000000000), (0.000001234, 23.628000000), (0.000001071, 0.000000000), (0.000001262, 23.596800000), (0.000001095, 0.000000000), (0.000001218, 23.671200000), (0.000001160, 0.000000000), (0.000001305, 23.565600000), (0.000001084, 0.000000000), (0.000001244, 23.620800000), (0.000001069, 0.000000000), (0.000001268, 23.628000000), (0.000001062, 0.000000000), (0.000001240, 23.596800000), (0.000001067, 0.000000000), (0.000001139, 23.671200000), (0.000001132, 0.000000000), (0.000001256, 23.565600000), (0.000001077, 0.000000000), (0.000001261, 23.620800000), (0.000001056, 0.000000000), (0.000001285, 23.628000000), (0.000001050, 0.000000000), (0.000001385, 23.596800000), (0.000001061, 0.000000000), (0.000001222, 23.671200000), (0.000001229, 0.000000000), (0.000001328, 23.565600000), (0.000001105, 0.000000000), (0.000001250, 23.620800000), (0.000001049, 0.000000000), (0.000001234, 23.628000000), (0.000001060, 0.000000000), (0.000001243, 23.596800000), (0.000001056, 0.000000000)],
"worst_28":[(0.000001411, 23.611200000), (0.000001290, 0.000000000), (0.000001365, 23.594400000), (0.000001254, 0.000000000), (0.000001384, 23.601600000), (0.000001210, 0.000000000), (0.000001404, 23.668800000), (0.000001175, 0.000000000), (0.000001407, 23.637600000), (0.000001283, 0.000000000), (0.000001329, 23.611200000), (0.000001499, 0.000000000), (0.000001518, 23.594400000), (0.000001456, 0.000000000), (0.000001392, 23.601600000), (0.000001186, 0.000000000), (0.000001372, 23.668800000), (0.000001212, 0.000000000), (0.000001441, 23.637600000), (0.000001204, 0.000000000), (0.000001346, 23.611200000), (0.000001325, 0.000000000), (0.000001352, 23.594400000), (0.000001224, 0.000000000), (0.000001374, 23.601600000), (0.000001178, 0.000000000), (0.000001374, 23.668800000), (0.000001341, 0.000000000), (0.000001377, 23.637600000), (0.000001207, 0.000000000), (0.000001274, 23.611200000), (0.000001297, 0.000000000), (0.000001378, 23.594400000), (0.000001232, 0.000000000), (0.000001387, 23.601600000), (0.000001207, 0.000000000), (0.000001443, 23.668800000), (0.000001191, 0.000000000), (0.000001424, 23.637600000), (0.000001198, 0.000000000), (0.000001333, 23.611200000), (0.000001352, 0.000000000), (0.000001389, 23.594400000), (0.000001224, 0.000000000), (0.000001436, 23.601600000), (0.000001210, 0.000000000), (0.000001391, 23.668800000), (0.000001174, 0.000000000), (0.000001405, 23.637600000), (0.000001169, 0.000000000), (0.000001292, 23.611200000), (0.000001271, 0.000000000), (0.000001377, 23.594400000), (0.000001242, 0.000000000), (0.000001372, 23.601600000), (0.000001236, 0.000000000), (0.000001386, 23.668800000), (0.000001222, 0.000000000), (0.000001371, 23.637600000), (0.000001187, 0.000000000), (0.000001246, 23.611200000), (0.000001276, 0.000000000), (0.000001386, 23.594400000), (0.000001288, 0.000000000), (0.000001442, 23.601600000), (0.000001220, 0.000000000), (0.000001412, 23.668800000), (0.000001211, 0.000000000), (0.000001424, 23.637600000), (0.000001197, 0.000000000), (0.000001289, 23.611200000), (0.000001263, 0.000000000), (0.000001356, 23.594400000), (0.000001226, 0.000000000), (0.000001380, 23.601600000), (0.000001214, 0.000000000), (0.000001386, 23.668800000), (0.000001328, 0.000000000), (0.000001448, 23.637600000), (0.000001224, 0.000000000), (0.000001241, 23.611200000), (0.000001268, 0.000000000), (0.000001375, 23.594400000), (0.000001220, 0.000000000), (0.000001428, 23.601600000), (0.000001267, 0.000000000), (0.000001457, 23.668800000), (0.000001185, 0.000000000), (0.000001410, 23.637600000), (0.000001203, 0.000000000), (0.000001249, 23.611200000), (0.000001268, 0.000000000), (0.000001377, 23.594400000), (0.000001223, 0.000000000), (0.000001398, 23.601600000), (0.000001210, 0.000000000), (0.000001399, 23.668800000), (0.000001237, 0.000000000), (0.000001419, 23.637600000), (0.000001291, 0.000000000)],
"worst_29":[(0.000001541, 23.628000000), (0.000001505, 0.000000000), (0.000001666, 23.575200000), (0.000001603, 0.000000000), (0.000001663, 23.632800000), (0.000001530, 0.000000000), (0.000001599, 23.642400000), (0.000001341, 0.000000000), (0.000001514, 23.582400000), (0.000001341, 0.000000000), (0.000001449, 23.628000000), (0.000001476, 0.000000000), (0.000001509, 23.575200000), (0.000001415, 0.000000000), (0.000001497, 23.632800000), (0.000001343, 0.000000000), (0.000001522, 23.642400000), (0.000001407, 0.000000000), (0.000001559, 23.582400000), (0.000001325, 0.000000000), (0.000001367, 23.628000000), (0.000001478, 0.000000000), (0.000001526, 23.575200000), (0.000001399, 0.000000000), (0.000001514, 23.632800000), (0.000001367, 0.000000000), (0.000001533, 23.642400000), (0.000001334, 0.000000000), (0.000001655, 23.582400000), (0.000001323, 0.000000000), (0.000001428, 23.628000000), (0.000001512, 0.000000000), (0.000001581, 23.575200000), (0.000001370, 0.000000000), (0.000001525, 23.632800000), (0.000001327, 0.000000000), (0.000001580, 23.642400000), (0.000001359, 0.000000000), (0.000001547, 23.582400000), (0.000001326, 0.000000000), (0.000001489, 23.628000000), (0.000001474, 0.000000000), (0.000001522, 23.575200000), (0.000001391, 0.000000000), (0.000001549, 23.632800000), (0.000001340, 0.000000000), (0.000001552, 23.642400000), (0.000001357, 0.000000000), (0.000001547, 23.582400000), (0.000001330, 0.000000000), (0.000001621, 23.628000000), (0.000001468, 0.000000000), (0.000001513, 23.575200000), (0.000001381, 0.000000000), (0.000001609, 23.632800000), (0.000001342, 0.000000000), (0.000001541, 23.642400000), (0.000001348, 0.000000000), (0.000001513, 23.582400000), (0.000001340, 0.000000000), (0.000001439, 23.628000000), (0.000001448, 0.000000000), (0.000001523, 23.575200000), (0.000001376, 0.000000000), (0.000001548, 23.632800000), (0.000001348, 0.000000000), (0.000001517, 23.642400000), (0.000001330, 0.000000000), (0.000001547, 23.582400000), (0.000001332, 0.000000000), (0.000001515, 23.628000000), (0.000001426, 0.000000000), (0.000001534, 23.575200000), (0.000001377, 0.000000000), (0.000001554, 23.632800000), (0.000001394, 0.000000000), (0.000001636, 23.642400000), (0.000001327, 0.000000000), (0.000001615, 23.582400000), (0.000001350, 0.000000000), (0.000001413, 23.628000000), (0.000001458, 0.000000000), (0.000001607, 23.575200000), (0.000001381, 0.000000000), (0.000001555, 23.632800000), (0.000001354, 0.000000000), (0.000001580, 23.642400000), (0.000001368, 0.000000000), (0.000001567, 23.582400000), (0.000001349, 0.000000000), (0.000001530, 23.628000000), (0.000001484, 0.000000000), (0.000001546, 23.575200000), (0.000001372, 0.000000000), (0.000001549, 23.632800000), (0.000001330, 0.000000000), (0.000001536, 23.642400000), (0.000001336, 0.000000000), (0.000001546, 23.582400000), (0.000001365, 0.000000000)],
"worst_30":[(0.000001676, 23.594400000), (0.000001632, 0.000000000), (0.000001664, 23.608800000), (0.000001575, 0.000000000), (0.000001750, 23.640000000), (0.000001555, 0.000000000), (0.000001680, 23.640000000), (0.000001518, 0.000000000), (0.000001710, 23.649600000), (0.000001524, 0.000000000), (0.000001567, 23.594400000), (0.000001702, 0.000000000), (0.000001722, 23.608800000), (0.000001686, 0.000000000), (0.000001687, 23.640000000), (0.000001536, 0.000000000), (0.000001706, 23.640000000), (0.000001511, 0.000000000), (0.000001699, 23.649600000), (0.000001506, 0.000000000), (0.000001571, 23.594400000), (0.000001589, 0.000000000), (0.000001721, 23.608800000), (0.000001562, 0.000000000), (0.000001665, 23.640000000), (0.000001547, 0.000000000), (0.000001691, 23.640000000), (0.000001494, 0.000000000), (0.000001789, 23.649600000), (0.000001599, 0.000000000), (0.000001599, 23.594400000), (0.000001706, 0.000000000), (0.000001646, 23.608800000), (0.000001591, 0.000000000), (0.000001818, 23.640000000), (0.000001555, 0.000000000), (0.000001675, 23.640000000), (0.000001529, 0.000000000), (0.000001679, 23.649600000), (0.000001569, 0.000000000), (0.000001554, 23.594400000), (0.000001603, 0.000000000), (0.000001682, 23.608800000), (0.000001561, 0.000000000), (0.000001871, 23.640000000), (0.000001914, 0.000000000), (0.000001985, 23.640000000), (0.000001794, 0.000000000), (0.000001741, 23.649600000), (0.000001523, 0.000000000), (0.000001700, 23.594400000), (0.000001720, 0.000000000), (0.000001674, 23.608800000), (0.000001566, 0.000000000), (0.000001744, 23.640000000), (0.000001520, 0.000000000), (0.000001661, 23.640000000), (0.000001528, 0.000000000), (0.000001672, 23.649600000), (0.000001526, 0.000000000), (0.000001628, 23.594400000), (0.000001624, 0.000000000), (0.000001664, 23.608800000), (0.000001580, 0.000000000), (0.000001654, 23.640000000), (0.000001557, 0.000000000), (0.000001731, 23.640000000), (0.000001572, 0.000000000), (0.000001693, 23.649600000), (0.000001499, 0.000000000), (0.000001596, 23.594400000), (0.000001681, 0.000000000), (0.000001707, 23.608800000), (0.000001539, 0.000000000), (0.000001706, 23.640000000), (0.000001536, 0.000000000), (0.000001685, 23.640000000), (0.000001584, 0.000000000), (0.000001664, 23.649600000), (0.000001548, 0.000000000), (0.000001581, 23.594400000), (0.000001634, 0.000000000), (0.000001735, 23.608800000), (0.000001581, 0.000000000), (0.000001678, 23.640000000), (0.000001525, 0.000000000), (0.000001667, 23.640000000), (0.000001581, 0.000000000), (0.000001639, 23.649600000), (0.000001529, 0.000000000), (0.000001580, 23.594400000), (0.000001721, 0.000000000), (0.000001747, 23.608800000), (0.000001527, 0.000000000), (0.000001680, 23.640000000), (0.000001523, 0.000000000), (0.000001669, 23.640000000), (0.000001525, 0.000000000), (0.000001845, 23.649600000), (0.000001513, 0.000000000)],
"worst_31":[(0.000001900, 23.608800000), (0.000001869, 0.000000000), (0.000001879, 23.676000000), (0.000001851, 0.000000000), (0.000002149, 23.647200000), (0.000002286, 0.000000000), (0.000002062, 23.652000000), (0.000001889, 0.000000000), (0.000001905, 23.642400000), (0.000001828, 0.000000000), (0.000001755, 23.608800000), (0.000001887, 0.000000000), (0.000001981, 23.676000000), (0.000001792, 0.000000000), (0.000001882, 23.647200000), (0.000001759, 0.000000000), (0.000001932, 23.652000000), (0.000001753, 0.000000000), (0.000001938, 23.642400000), (0.000001772, 0.000000000), (0.000001786, 23.608800000), (0.000001926, 0.000000000), (0.000001836, 23.676000000), (0.000001762, 0.000000000), (0.000001895, 23.647200000), (0.000001798, 0.000000000), (0.000001978, 23.652000000), (0.000001816, 0.000000000), (0.000002027, 23.642400000), (0.000001861, 0.000000000), (0.000001741, 23.608800000), (0.000001895, 0.000000000), (0.000001893, 23.676000000), (0.000001788, 0.000000000), (0.000001884, 23.647200000), (0.000001867, 0.000000000), (0.000001886, 23.652000000), (0.000001679, 0.000000000), (0.000001949, 23.642400000), (0.000001822, 0.000000000), (0.000001723, 23.608800000), (0.000001873, 0.000000000), (0.000001955, 23.676000000), (0.000001737, 0.000000000), (0.000001861, 23.647200000), (0.000001798, 0.000000000), (0.000001946, 23.652000000), (0.000001809, 0.000000000), (0.000001954, 23.642400000), (0.000001824, 0.000000000), (0.000002070, 23.608800000), (0.000001865, 0.000000000), (0.000001844, 23.676000000), (0.000001800, 0.000000000), (0.000001899, 23.647200000), (0.000001867, 0.000000000), (0.000001862, 23.652000000), (0.000001782, 0.000000000), (0.000001905, 23.642400000), (0.000001810, 0.000000000), (0.000001771, 23.608800000), (0.000001840, 0.000000000), (0.000001902, 23.676000000), (0.000001751, 0.000000000), (0.000001875, 23.647200000), (0.000001754, 0.000000000), (0.000001974, 23.652000000), (0.000001784, 0.000000000), (0.000001992, 23.642400000), (0.000001721, 0.000000000), (0.000001816, 23.608800000), (0.000001958, 0.000000000), (0.000001892, 23.676000000), (0.000001775, 0.000000000), (0.000001950, 23.647200000), (0.000001764, 0.000000000), (0.000001909, 23.652000000), (0.000001747, 0.000000000), (0.000001907, 23.642400000), (0.000001807, 0.000000000), (0.000001797, 23.608800000), (0.000001901, 0.000000000), (0.000001851, 23.676000000), (0.000001794, 0.000000000), (0.000001882, 23.647200000), (0.000001731, 0.000000000), (0.000001897, 23.652000000), (0.000001788, 0.000000000), (0.000002024, 23.642400000), (0.000001797, 0.000000000), (0.000001801, 23.608800000), (0.000001845, 0.000000000), (0.000001869, 23.676000000), (0.000001812, 0.000000000), (0.000001874, 23.647200000), (0.000001766, 0.000000000), (0.000001989, 23.652000000), (0.000001733, 0.000000000), (0.000001873, 23.642400000), (0.000001774, 0.000000000)],
"worst_32":[(0.000002061, 23.628000000), (0.000002204, 0.000000000), (0.000002177, 23.601600000), (0.000002055, 0.000000000), (0.000002154, 23.620800000), (0.000002026, 0.000000000), (0.000002251, 23.599200000), (0.000002080, 0.000000000), (0.000002169, 23.649600000), (0.000002012, 0.000000000), (0.000002007, 23.628000000), (0.000002206, 0.000000000), (0.000002100, 23.601600000), (0.000002103, 0.000000000), (0.000002124, 23.620800000), (0.000002011, 0.000000000), (0.000002170, 23.599200000), (0.000002010, 0.000000000), (0.000002120, 23.649600000), (0.000002003, 0.000000000), (0.000001992, 23.628000000), (0.000002190, 0.000000000), (0.000002248, 23.601600000), (0.000002064, 0.000000000), (0.000002195, 23.620800000), (0.000002144, 0.000000000), (0.000002193, 23.599200000), (0.000002011, 0.000000000), (0.000002096, 23.649600000), (0.000001969, 0.000000000), (0.000002130, 23.628000000), (0.000002137, 0.000000000), (0.000002576, 23.601600000), (0.000002428, 0.000000000), (0.000002502, 23.620800000), (0.000002021, 0.000000000), (0.000002367, 23.599200000), (0.000002031, 0.000000000), (0.000002309, 23.649600000), (0.000002157, 0.000000000), (0.000001989, 23.628000000), (0.000002075, 0.000000000), (0.000002119, 23.601600000), (0.000002082, 0.000000000), (0.000002268, 23.620800000), (0.000002087, 0.000000000), (0.000002134, 23.599200000), (0.000002029, 0.000000000), (0.000002154, 23.649600000), (0.000002007, 0.000000000), (0.000002029, 23.628000000), (0.000002160, 0.000000000), (0.000002273, 23.601600000), (0.000002150, 0.000000000), (0.000002149, 23.620800000), (0.000002019, 0.000000000), (0.000002126, 23.599200000), (0.000002039, 0.000000000), (0.000002246, 23.649600000), (0.000002033, 0.000000000), (0.000002080, 23.628000000), (0.000002126, 0.000000000), (0.000002176, 23.601600000), (0.000002162, 0.000000000), (0.000002127, 23.620800000), (0.000002083, 0.000000000), (0.000002150, 23.599200000), (0.000002026, 0.000000000), (0.000002110, 23.649600000), (0.000002034, 0.000000000), (0.000002016, 23.628000000), (0.000002103, 0.000000000), (0.000002290, 23.601600000), (0.000002093, 0.000000000), (0.000002162, 23.620800000), (0.000002117, 0.000000000), (0.000002147, 23.599200000), (0.000002045, 0.000000000), (0.000002253, 23.649600000), (0.000001990, 0.000000000), (0.000001986, 23.628000000), (0.000002201, 0.000000000), (0.000002099, 23.601600000), (0.000002160, 0.000000000), (0.000002132, 23.620800000), (0.000001995, 0.000000000), (0.000002144, 23.599200000), (0.000002020, 0.000000000), (0.000002203, 23.649600000), (0.000001988, 0.000000000), (0.000001983, 23.628000000), (0.000002174, 0.000000000), (0.000002173, 23.601600000), (0.000002026, 0.000000000), (0.000002087, 23.620800000), (0.000002035, 0.000000000), (0.000002200, 23.599200000), (0.000001990, 0.000000000), (0.000002174, 23.649600000), (0.000002019, 0.000000000)],
"worst_33":[(0.000002315, 23.630400000), (0.000002464, 0.000000000), (0.000002430, 23.596800000), (0.000002488, 0.000000000), (0.000002483, 23.592000000), (0.000002392, 0.000000000), (0.000002440, 23.649600000), (0.000002339, 0.000000000), (0.000002394, 23.618400000), (0.000002301, 0.000000000), (0.000002262, 23.630400000), (0.000002460, 0.000000000), (0.000002484, 23.596800000), (0.000002529, 0.000000000), (0.000002425, 23.592000000), (0.000002410, 0.000000000), (0.000002491, 23.649600000), (0.000002339, 0.000000000), (0.000002405, 23.618400000), (0.000002333, 0.000000000), (0.000002310, 23.630400000), (0.000002492, 0.000000000), (0.000002425, 23.596800000), (0.000002378, 0.000000000), (0.000002452, 23.592000000), (0.000002425, 0.000000000), (0.000002461, 23.649600000), (0.000002333, 0.000000000), (0.000002467, 23.618400000), (0.000002383, 0.000000000), (0.000002261, 23.630400000), (0.000002591, 0.000000000), (0.000002475, 23.596800000), (0.000002530, 0.000000000), (0.000002540, 23.592000000), (0.000002308, 0.000000000), (0.000002450, 23.649600000), (0.000002309, 0.000000000), (0.000002449, 23.618400000), (0.000002294, 0.000000000), (0.000002297, 23.630400000), (0.000002645, 0.000000000), (0.000002510, 23.596800000), (0.000002394, 0.000000000), (0.000002497, 23.592000000), (0.000002411, 0.000000000), (0.000002475, 23.649600000), (0.000002242, 0.000000000), (0.000002435, 23.618400000), (0.000002264, 0.000000000), (0.000002422, 23.630400000), (0.000002439, 0.000000000), (0.000002509, 23.596800000), (0.000002419, 0.000000000), (0.000002552, 23.592000000), (0.000002304, 0.000000000), (0.000002480, 23.649600000), (0.000002351, 0.000000000), (0.000002600, 23.618400000), (0.000002310, 0.000000000), (0.000002244, 23.630400000), (0.000002427, 0.000000000), (0.000002474, 23.596800000), (0.000002385, 0.000000000), (0.000002489, 23.592000000), (0.000002284, 0.000000000), (0.000002447, 23.649600000), (0.000002317, 0.000000000), (0.000002459, 23.618400000), (0.000002309, 0.000000000), (0.000002598, 23.630400000), (0.000002635, 0.000000000), (0.000002509, 23.596800000), (0.000002335, 0.000000000), (0.000002410, 23.592000000), (0.000002427, 0.000000000), (0.000002451, 23.649600000), (0.000002279, 0.000000000), (0.000002415, 23.618400000), (0.000002349, 0.000000000), (0.000002288, 23.630400000), (0.000002444, 0.000000000), (0.000002406, 23.596800000), (0.000002352, 0.000000000), (0.000002454, 23.592000000), (0.000002298, 0.000000000), (0.000002449, 23.649600000), (0.000002399, 0.000000000), (0.000002541, 23.618400000), (0.000002382, 0.000000000), (0.000002261, 23.630400000), (0.000002501, 0.000000000), (0.000002509, 23.596800000), (0.000002434, 0.000000000), (0.000002435, 23.592000000), (0.000002404, 0.000000000), (0.000002491, 23.649600000), (0.000002292, 0.000000000), (0.000002468, 23.618400000), (0.000002286, 0.000000000)],
"worst_34":[(0.000002755, 23.577600000), (0.000002822, 0.000000000), (0.000002792, 23.613600000), (0.000002667, 0.000000000), (0.000002809, 23.584800000), (0.000002594, 0.000000000), (0.000002804, 23.601600000), (0.000002598, 0.000000000), (0.000002741, 23.637600000), (0.000002495, 0.000000000), (0.000002503, 23.577600000), (0.000002723, 0.000000000), (0.000002839, 23.613600000), (0.000002678, 0.000000000), (0.000002775, 23.584800000), (0.000002665, 0.000000000), (0.000002730, 23.601600000), (0.000002579, 0.000000000), (0.000002765, 23.637600000), (0.000002586, 0.000000000), (0.000002601, 23.577600000), (0.000002722, 0.000000000), (0.000002863, 23.613600000), (0.000002616, 0.000000000), (0.000002735, 23.584800000), (0.000002526, 0.000000000), (0.000002716, 23.601600000), (0.000002558, 0.000000000), (0.000002757, 23.637600000), (0.000002634, 0.000000000), (0.000002583, 23.577600000), (0.000002736, 0.000000000), (0.000002700, 23.613600000), (0.000002699, 0.000000000), (0.000002752, 23.584800000), (0.000002604, 0.000000000), (0.000002834, 23.601600000), (0.000002508, 0.000000000), (0.000003173, 23.637600000), (0.000002856, 0.000000000), (0.000002629, 23.577600000), (0.000002740, 0.000000000), (0.000002708, 23.613600000), (0.000002626, 0.000000000), (0.000002754, 23.584800000), (0.000002660, 0.000000000), (0.000002718, 23.601600000), (0.000002502, 0.000000000), (0.000002731, 23.637600000), (0.000002522, 0.000000000), (0.000002545, 23.577600000), (0.000002809, 0.000000000), (0.000002737, 23.613600000), (0.000002732, 0.000000000), (0.000002784, 23.584800000), (0.000002628, 0.000000000), (0.000002733, 23.601600000), (0.000002662, 0.000000000), (0.000002693, 23.637600000), (0.000002637, 0.000000000), (0.000002591, 23.577600000), (0.000003881, 0.000000000), (0.000002798, 23.613600000), (0.000002642, 0.000000000), (0.000002856, 23.584800000), (0.000002726, 0.000000000), (0.000002807, 23.601600000), (0.000002672, 0.000000000), (0.000002928, 23.637600000), (0.000002654, 0.000000000), (0.000003038, 23.577600000), (0.000002984, 0.000000000), (0.000003029, 23.613600000), (0.000003006, 0.000000000), (0.000003035, 23.584800000), (0.000002969, 0.000000000), (0.000003489, 23.601600000), (0.000002882, 0.000000000), (0.000002942, 23.637600000), (0.000002718, 0.000000000), (0.000002709, 23.577600000), (0.000002913, 0.000000000), (0.000003084, 23.613600000), (0.000002682, 0.000000000), (0.000002822, 23.584800000), (0.000002838, 0.000000000), (0.000002813, 23.601600000), (0.000002622, 0.000000000), (0.000002859, 23.637600000), (0.000002770, 0.000000000), (0.000002776, 23.577600000), (0.000002944, 0.000000000), (0.000002962, 23.613600000), (0.000002870, 0.000000000), (0.000002958, 23.584800000), (0.000002742, 0.000000000), (0.000002875, 23.601600000), (0.000002868, 0.000000000), (0.000002913, 23.637600000), (0.000002730, 0.000000000)],
"worst_35":[(0.000002989, 23.608800000), (0.000003280, 0.000000000), (0.000003331, 23.644800000), (0.000003189, 0.000000000), (0.000003564, 23.640000000), (0.000003293, 0.000000000), (0.000003561, 23.608800000), (0.000003178, 0.000000000), (0.000003322, 23.616000000), (0.000003111, 0.000000000), (0.000003411, 23.608800000), (0.000004245, 0.000000000), (0.000003896, 23.644800000), (0.000003785, 0.000000000), (0.000003658, 23.640000000), (0.000003756, 0.000000000), (0.000003830, 23.608800000), (0.000003500, 0.000000000), (0.000003627, 23.616000000), (0.000003088, 0.000000000), (0.000003073, 23.608800000), (0.000003310, 0.000000000), (0.000003733, 23.644800000), (0.000003719, 0.000000000), (0.000003508, 23.640000000), (0.000003211, 0.000000000), (0.000003346, 23.608800000), (0.000003132, 0.000000000), (0.000003337, 23.616000000), (0.000003251, 0.000000000), (0.000002928, 23.608800000), (0.000003280, 0.000000000), (0.000003206, 23.644800000), (0.000003081, 0.000000000), (0.000003248, 23.640000000), (0.000003062, 0.000000000), (0.000003230, 23.608800000), (0.000002981, 0.000000000), (0.000003771, 23.616000000), (0.000003483, 0.000000000), (0.000004064, 23.608800000), (0.000004842, 0.000000000), (0.000003585, 23.644800000), (0.000003100, 0.000000000), (0.000003431, 23.640000000), (0.000003043, 0.000000000), (0.000003371, 23.608800000), (0.000003198, 0.000000000), (0.000003454, 23.616000000), (0.000003186, 0.000000000), (0.000002976, 23.608800000), (0.000003196, 0.000000000), (0.000003134, 23.644800000), (0.000003029, 0.000000000), (0.000003198, 23.640000000), (0.000003066, 0.000000000), (0.000003121, 23.608800000), (0.000003025, 0.000000000), (0.000003102, 23.616000000), (0.000003031, 0.000000000), (0.000003101, 23.608800000), (0.000003580, 0.000000000), (0.000003396, 23.644800000), (0.000003161, 0.000000000), (0.000003524, 23.640000000), (0.000003226, 0.000000000), (0.000003230, 23.608800000), (0.000003009, 0.000000000), (0.000003298, 23.616000000), (0.000003087, 0.000000000), (0.000003419, 23.608800000), (0.000003361, 0.000000000), (0.000003295, 23.644800000), (0.000003087, 0.000000000), (0.000003206, 23.640000000), (0.000003179, 0.000000000), (0.000003452, 23.608800000), (0.000003094, 0.000000000), (0.000003311, 23.616000000), (0.000003067, 0.000000000), (0.000003417, 23.608800000), (0.000004020, 0.000000000), (0.000004047, 23.644800000), (0.000003425, 0.000000000), (0.000003586, 23.640000000), (0.000003384, 0.000000000), (0.000003578, 23.608800000), (0.000003272, 0.000000000), (0.000003256, 23.616000000), (0.000003071, 0.000000000), (0.000003264, 23.608800000), (0.000003498, 0.000000000), (0.000003233, 23.644800000), (0.000003394, 0.000000000), (0.000003265, 23.640000000), (0.000003112, 0.000000000), (0.000003222, 23.608800000), (0.000003151, 0.000000000), (0.000003512, 23.616000000), (0.000003106, 0.000000000)],
