"best_15":[(0.000000548, 31.411200000), (0.000000493, 0.000000000), (0.000000534, 31.420800000), (0.000000472, 0.000000000), (0.000000576, 31.420800000), (0.000000482, 0.000000000), (0.000000635, 31.308800000), (0.000000495, 0.000000000), (0.000000777, 31.270400000), (0.000000613, 0.000000000), (0.000000533, 31.411200000), (0.000000456, 0.000000000), (0.000000555, 31.420800000), (0.000000498, 0.000000000), (0.000000765, 31.420800000), (0.000000529, 0.000000000), (0.000000604, 31.308800000), (0.000000510, 0.000000000), (0.000000674, 31.270400000), (0.000000524, 0.000000000), (0.000000541, 31.411200000), (0.000000501, 0.000000000), (0.000000573, 31.420800000), (0.000000514, 0.000000000), (0.000000804, 31.420800000), (0.000000653, 0.000000000), (0.000000784, 31.308800000), (0.000001094, 0.000000000), (0.000000843, 31.270400000), (0.000000688, 0.000000000), (0.000000586, 31.411200000), (0.000000483, 0.000000000), (0.000000884, 31.420800000), (0.000000815, 0.000000000), (0.000000616, 31.420800000), (0.000000530, 0.000000000), (0.000000789, 31.308800000), (0.000000531, 0.000000000), (0.000000657, 31.270400000), (0.000000543, 0.000000000), (0.000000556, 31.411200000), (0.000000554, 0.000000000), (0.000000583, 31.420800000), (0.000000517, 0.000000000), (0.000000629, 31.420800000), (0.000000540, 0.000000000), (0.000000636, 31.308800000), (0.000000530, 0.000000000), (0.000000667, 31.270400000), (0.000000527, 0.000000000), (0.000000557, 31.411200000), (0.000000546, 0.000000000), (0.000000576, 31.420800000), (0.000000554, 0.000000000), (0.000000615, 31.420800000), (0.000000524, 0.000000000), (0.000000645, 31.308800000), (0.000000502, 0.000000000), (0.000000892, 31.270400000), (0.000000898, 0.000000000), (0.000000612, 31.411200000), (0.000000474, 0.000000000), (0.000000646, 31.420800000), (0.000000517, 0.000000000), (0.000000694, 31.420800000), (0.000000523, 0.000000000), (0.000000745, 31.308800000), (0.000000529, 0.000000000), (0.000000646, 31.270400000), (0.000000638, 0.000000000), (0.000000665, 31.411200000), (0.000000470, 0.000000000), (0.000000661, 31.420800000), (0.000000539, 0.000000000), (0.000000619, 31.420800000), (0.000000506, 0.000000000), (0.000000634, 31.308800000), (0.000000557, 0.000000000), (0.000000708, 31.270400000), (0.000000540, 0.000000000), (0.000000575, 31.411200000), (0.000000655, 0.000000000), (0.000000595, 31.420800000), (0.000000525, 0.000000000), (0.000000681, 31.420800000), (0.000000523, 0.000000000), (0.000000622, 31.308800000), (0.000000510, 0.000000000), (0.000000590, 31.270400000), (0.000000512, 0.000000000), (0.000000542, 31.411200000), (0.000000470, 0.000000000), (0.000000573, 31.420800000), (0.000000602, 0.000000000), (0.000000585, 31.420800000), (0.000000512, 0.000000000), (0.000000661, 31.308800000), (0.000000498, 0.000000000), (0.000000640, 31.270400000), (0.000000686, 0.000000000)],
"best_16":[(0.000000737, 31.452800000), (0.000000875, 0.000000000), (0.000000734, 31.545600000), (0.000000631, 0.000000000), (0.000000777, 31.404800000), (0.000000766, 0.000000000), (0.000000753, 31.372800000), (0.000000638, 0.000000000), (0.000000862, 31.401600000), (0.000000644, 0.000000000), (0.000000641, 31.452800000), (0.000000653, 0.000000000), (0.000000929, 31.545600000), (0.000000639, 0.000000000), (0.000000960, 31.404800000), (0.000000817, 0.000000000), (0.000000793, 31.372800000), (0.000000613, 0.000000000), (0.000000841, 31.401600000), (0.000000598, 0.000000000), (0.000000700, 31.452800000), (0.000000544, 0.000000000), (0.000000841, 31.545600000), (0.000000568, 0.000000000), (0.000000737, 31.404800000), (0.000000762, 0.000000000), (0.000000793, 31.372800000), (0.000000657, 0.000000000), (0.000001032, 31.401600000), (0.000000660, 0.000000000), (0.000000739, 31.452800000), (0.000000556, 0.000000000), (0.000000727, 31.545600000), (0.000000815, 0.000000000), (0.000000742, 31.404800000), (0.000000667, 0.000000000), (0.000001029, 31.372800000), (0.000000734, 0.000000000), (0.000000704, 31.401600000), (0.000000815, 0.000000000), (0.000000608, 31.452800000), (0.000000693, 0.000000000), (0.000000691, 31.545600000), (0.000000588, 0.000000000), (0.000000826, 31.404800000), (0.000000605, 0.000000000), (0.000000727, 31.372800000), (0.000000717, 0.000000000), (0.000000750, 31.401600000), (0.000000662, 0.000000000), (0.000000813, 31.452800000), (0.000000643, 0.000000000), (0.000000917, 31.545600000), (0.000000731, 0.000000000), (0.000000743, 31.404800000), (0.000000815, 0.000000000), (0.000001058, 31.372800000), (0.000000642, 0.000000000), (0.000000915, 31.401600000), (0.000000649, 0.000000000), (0.000000771, 31.452800000), (0.000000590, 0.000000000), (0.000001888, 31.545600000), (0.000001558, 0.000000000), (0.000001424, 31.404800000), (0.000001128, 0.000000000), (0.000001589, 31.372800000), (0.000001195, 0.000000000), (0.000001166, 31.401600000), (0.000000914, 0.000000000), (0.000001018, 31.452800000), (0.000000898, 0.000000000), (0.000000944, 31.545600000), (0.000000825, 0.000000000), (0.000001564, 31.404800000), (0.000001187, 0.000000000), (0.000000803, 31.372800000), (0.000000865, 0.000000000), (0.000001039, 31.401600000), (0.000000639, 0.000000000), (0.000000839, 31.452800000), (0.000000573, 0.000000000), (0.000000805, 31.545600000), (0.000000628, 0.000000000), (0.000000928, 31.404800000), (0.000000744, 0.000000000), (0.000000870, 31.372800000), (0.000000788, 0.000000000), (0.000000954, 31.401600000), (0.000000898, 0.000000000), (0.000000655, 31.452800000), (0.000000742, 0.000000000), (0.000000725, 31.545600000), (0.000000786, 0.000000000), (0.000001054, 31.404800000), (0.000000756, 0.000000000), (0.000000848, 31.372800000), (0.000000923, 0.000000000), (0.000000972, 31.401600000), (0.000000677, 0.000000000)],
"best_17":[(0.000000974, 31.491200000), (0.000000882, 0.000000000), (0.000001063, 31.414400000), (0.000000871, 0.000000000), (0.000001162, 31.481600000), (0.000000844, 0.000000000), (0.000001147, 31.465600000), (0.000000994, 0.000000000), (0.000001125, 31.488000000), (0.000000963, 0.000000000), (0.000000793, 31.491200000), (0.000000745, 0.000000000), (0.000000926, 31.414400000), (0.000000875, 0.000000000), (0.000000858, 31.481600000), (0.000000764, 0.000000000), (0.000001067, 31.465600000), (0.000000849, 0.000000000), (0.000000880, 31.488000000), (0.000000798, 0.000000000), (0.000000793, 31.491200000), (0.000000714, 0.000000000), (0.000000840, 31.414400000), (0.000000728, 0.000000000), (0.000001122, 31.481600000), (0.000000861, 0.000000000), (0.000000981, 31.465600000), (0.000000786, 0.000000000), (0.000000987, 31.488000000), (0.000000831, 0.000000000), (0.000000800, 31.491200000), (0.000000796, 0.000000000), (0.000001034, 31.414400000), (0.000000888, 0.000000000), (0.000000920, 31.481600000), (0.000000877, 0.000000000), (0.000001161, 31.465600000), (0.000000890, 0.000000000), (0.000000954, 31.488000000), (0.000000858, 0.000000000), (0.000000926, 31.491200000), (0.000000762, 0.000000000), (0.000000978, 31.414400000), (0.000000709, 0.000000000), (0.000001061, 31.481600000), (0.000000896, 0.000000000), (0.000001005, 31.465600000), (0.000000854, 0.000000000), (0.000001046, 31.488000000), (0.000000902, 0.000000000), (0.000001055, 31.491200000), (0.000000802, 0.000000000), (0.000000893, 31.414400000), (0.000000792, 0.000000000), (0.000001009, 31.481600000), (0.000000881, 0.000000000), (0.000000950, 31.465600000), (0.000000814, 0.000000000), (0.000000912, 31.488000000), (0.000000794, 0.000000000), (0.000000820, 31.491200000), (0.000000721, 0.000000000), (0.000000943, 31.414400000), (0.000000845, 0.000000000), (0.000001091, 31.481600000), (0.000000817, 0.000000000), (0.000000939, 31.465600000), (0.000000929, 0.000000000), (0.000001010, 31.488000000), (0.000000836, 0.000000000), (0.000000813, 31.491200000), (0.000000682, 0.000000000), (0.000000925, 31.414400000), (0.000000872, 0.000000000), (0.000000963, 31.481600000), (0.000000770, 0.000000000), (0.000001004, 31.465600000), (0.000000903, 0.000000000), (0.000001221, 31.488000000), (0.000000895, 0.000000000), (0.000000852, 31.491200000), (0.000000800, 0.000000000), (0.000001093, 31.414400000), (0.000000948, 0.000000000), (0.000000964, 31.481600000), (0.000000723, 0.000000000), (0.000000973, 31.465600000), (0.000000897, 0.000000000), (0.000000962, 31.488000000), (0.000000911, 0.000000000), (0.000000800, 31.491200000), (0.000000817, 0.000000000), (0.000000900, 31.414400000), (0.000000842, 0.000000000), (0.000000950, 31.481600000), (0.000000978, 0.000000000), (0.000000960, 31.465600000), (0.000000882, 0.000000000), (0.000000922, 31.488000000), (0.000000816, 0.000000000)],
"best_18":[(0.000001079, 31.539200000), (0.000001017, 0.000000000), (0.000001326, 31.430400000), (0.000001002, 0.000000000), (0.000001228, 31.536000000), (0.000001120, 0.000000000), (0.000001161, 31.497600000), (0.000001043, 0.000000000), (0.000001222, 31.478400000), (0.000001040, 0.000000000), (0.000001251, 31.539200000), (0.000000981, 0.000000000), (0.000001166, 31.430400000), (0.000001215, 0.000000000), (0.000001220, 31.536000000), (0.000000928, 0.000000000), (0.000001078, 31.497600000), (0.000001078, 0.000000000), (0.000001201, 31.478400000), (0.000001043, 0.000000000), (0.000001031, 31.539200000), (0.000000848, 0.000000000), (0.000001086, 31.430400000), (0.000000964, 0.000000000), (0.000001132, 31.536000000), (0.000001091, 0.000000000), (0.000001235, 31.497600000), (0.000001046, 0.000000000), (0.000001258, 31.478400000), (0.000001032, 0.000000000), (0.000001211, 31.539200000), (0.000000883, 0.000000000), (0.000001038, 31.430400000), (0.000000950, 0.000000000), (0.000001080, 31.536000000), (0.000001030, 0.000000000), (0.000001189, 31.497600000), (0.000001015, 0.000000000), (0.000001152, 31.478400000), (0.000000943, 0.000000000), (0.000000994, 31.539200000), (0.000000951, 0.000000000), (0.000001157, 31.430400000), (0.000001012, 0.000000000), (0.000001239, 31.536000000), (0.000000912, 0.000000000), (0.000001104, 31.497600000), (0.000000906, 0.000000000), (0.000001121, 31.478400000), (0.000001030, 0.000000000), (0.000001152, 31.539200000), (0.000000893, 0.000000000), (0.000001008, 31.430400000), (0.000000891, 0.000000000), (0.000001097, 31.536000000), (0.000001024, 0.000000000), (0.000001315, 31.497600000), (0.000001055, 0.000000000), (0.000001263, 31.478400000), (0.000001080, 0.000000000), (0.000001036, 31.539200000), (0.000000871, 0.000000000), (0.000001078, 31.430400000), (0.000000910, 0.000000000), (0.000001156, 31.536000000), (0.000001075, 0.000000000), (0.000001278, 31.497600000), (0.000001002, 0.000000000), (0.000001183, 31.478400000), (0.000000997, 0.000000000), (0.000001014, 31.539200000), (0.000000979, 0.000000000), (0.000001126, 31.430400000), (0.000000992, 0.000000000), (0.000001162, 31.536000000), (0.000000957, 0.000000000), (0.000001183, 31.497600000), (0.000000887, 0.000000000), (0.000001140, 31.478400000), (0.000001006, 0.000000000), (0.000001018, 31.539200000), (0.000000948, 0.000000000), (0.000001029, 31.430400000), (0.000001000, 0.000000000), (0.000001139, 31.536000000), (0.000000891, 0.000000000), (0.000001191, 31.497600000), (0.000000937, 0.000000000), (0.000001132, 31.478400000), (0.000000989, 0.000000000), (0.000001022, 31.539200000), (0.000000932, 0.000000000), (0.000001129, 31.430400000), (0.000000879, 0.000000000), (0.000001050, 31.536000000), (0.000000954, 0.000000000), (0.000001090, 31.497600000), (0.000000898, 0.000000000), (0.000001075, 31.478400000), (0.000000942, 0.000000000)],
"best_19":[(0.000001190, 31.468800000), (0.000001058, 0.000000000), (0.000001373, 31.504000000), (0.000001056, 0.000000000), (0.000001249, 31.523200000), (0.000001053, 0.000000000), (0.000001374, 31.510400000), (0.000001163, 0.000000000), (0.000001348, 31.494400000), (0.000001079, 0.000000000), (0.000001279, 31.468800000), (0.000001110, 0.000000000), (0.000001411, 31.504000000), (0.000001062, 0.000000000), (0.000001284, 31.523200000), (0.000001126, 0.000000000), (0.000001365, 31.510400000), (0.000001164, 0.000000000), (0.000001291, 31.494400000), (0.000001135, 0.000000000), (0.000001423, 31.468800000), (0.000001249, 0.000000000), (0.000001489, 31.504000000), (0.000001401, 0.000000000), (0.000001482, 31.523200000), (0.000001200, 0.000000000), (0.000001431, 31.510400000), (0.000001178, 0.000000000), (0.000001391, 31.494400000), (0.000001138, 0.000000000), (0.000001159, 31.468800000), (0.000000994, 0.000000000), (0.000001198, 31.504000000), (0.000001004, 0.000000000), (0.000001276, 31.523200000), (0.000001138, 0.000000000), (0.000001295, 31.510400000), (0.000001174, 0.000000000), (0.000001334, 31.494400000), (0.000001189, 0.000000000), (0.000001242, 31.468800000), (0.000001099, 0.000000000), (0.000001307, 31.504000000), (0.000001129, 0.000000000), (0.000001308, 31.523200000), (0.000001131, 0.000000000), (0.000001229, 31.510400000), (0.000001082, 0.000000000), (0.000001225, 31.494400000), (0.000001151, 0.000000000), (0.000001127, 31.468800000), (0.000000970, 0.000000000), (0.000001348, 31.504000000), (0.000001085, 0.000000000), (0.000001200, 31.523200000), (0.000001045, 0.000000000), (0.000001439, 31.510400000), (0.000001209, 0.000000000), (0.000001272, 31.494400000), (0.000001167, 0.000000000), (0.000001335, 31.468800000), (0.000001187, 0.000000000), (0.000001366, 31.504000000), (0.000001067, 0.000000000), (0.000001306, 31.523200000), (0.000001187, 0.000000000), (0.000001236, 31.510400000), (0.000001237, 0.000000000), (0.000001472, 31.494400000), (0.000001385, 0.000000000), (0.000001779, 31.468800000), (0.000001358, 0.000000000), (0.000001899, 31.504000000), (0.000001310, 0.000000000), (0.000001717, 31.523200000), (0.000001232, 0.000000000), (0.000001294, 31.510400000), (0.000001139, 0.000000000), (0.000001332, 31.494400000), (0.000001119, 0.000000000), (0.000001213, 31.468800000), (0.000000997, 0.000000000), (0.000001279, 31.504000000), (0.000001012, 0.000000000), (0.000001350, 31.523200000), (0.000001010, 0.000000000), (0.000001243, 31.510400000), (0.000001055, 0.000000000), (0.000001339, 31.494400000), (0.000001157, 0.000000000), (0.000001237, 31.468800000), (0.000001018, 0.000000000), (0.000001522, 31.504000000), (0.000001384, 0.000000000), (0.000001496, 31.523200000), (0.000001228, 0.000000000), (0.000001509, 31.510400000), (0.000001906, 0.000000000), (0.000002227, 31.494400000), (0.000001470, 0.000000000)],
"best_20":[(0.000001987, 31.468800000), (0.000002682, 0.000000000), (0.000002360, 31.379200000), (0.000001845, 0.000000000), (0.000001843, 31.539200000), (0.000001742, 0.000000000), (0.000002182, 31.443200000), (0.000001601, 0.000000000), (0.000001963, 31.536000000), (0.000001597, 0.000000000), (0.000001669, 31.468800000), (0.000001520, 0.000000000), (0.000002085, 31.379200000), (0.000001374, 0.000000000), (0.000001556, 31.539200000), (0.000001349, 0.000000000), (0.000001569, 31.443200000), (0.000001318, 0.000000000), (0.000001469, 31.536000000), (0.000001436, 0.000000000), (0.000001426, 31.468800000), (0.000001397, 0.000000000), (0.000001476, 31.379200000), (0.000001262, 0.000000000), (0.000001463, 31.539200000), (0.000001308, 0.000000000), (0.000001582, 31.443200000), (0.000001399, 0.000000000), (0.000001724, 31.536000000), (0.000001345, 0.000000000), (0.000001527, 31.468800000), (0.000001327, 0.000000000), (0.000001454, 31.379200000), (0.000001209, 0.000000000), (0.000001448, 31.539200000), (0.000001248, 0.000000000), (0.000001542, 31.443200000), (0.000001397, 0.000000000), (0.000001761, 31.536000000), (0.000001487, 0.000000000), (0.000001729, 31.468800000), (0.000001454, 0.000000000), (0.000001749, 31.379200000), (0.000001454, 0.000000000), (0.000001720, 31.539200000), (0.000001349, 0.000000000), (0.000001666, 31.443200000), (0.000001479, 0.000000000), (0.000001524, 31.536000000), (0.000001462, 0.000000000), (0.000001795, 31.468800000), (0.000001288, 0.000000000), (0.000001712, 31.379200000), (0.000001568, 0.000000000), (0.000001833, 31.539200000), (0.000001431, 0.000000000), (0.000001820, 31.443200000), (0.000001335, 0.000000000), (0.000001853, 31.536000000), (0.000001575, 0.000000000), (0.000001781, 31.468800000), (0.000001399, 0.000000000), (0.000001560, 31.379200000), (0.000001470, 0.000000000), (0.000001786, 31.539200000), (0.000001702, 0.000000000), (0.000001821, 31.443200000), (0.000001382, 0.000000000), (0.000001515, 31.536000000), (0.000001375, 0.000000000), (0.000001463, 31.468800000), (0.000001257, 0.000000000), (0.000001426, 31.379200000), (0.000001198, 0.000000000), (0.000001481, 31.539200000), (0.000001193, 0.000000000), (0.000001569, 31.443200000), (0.000001198, 0.000000000), (0.000001459, 31.536000000), (0.000001251, 0.000000000), (0.000001531, 31.468800000), (0.000001395, 0.000000000), (0.000001548, 31.379200000), (0.000001284, 0.000000000), (0.000001532, 31.539200000), (0.000001349, 0.000000000), (0.000001549, 31.443200000), (0.000001334, 0.000000000), (0.000001633, 31.536000000), (0.000001399, 0.000000000), (0.000001478, 31.468800000), (0.000001363, 0.000000000), (0.000001660, 31.379200000), (0.000001237, 0.000000000), (0.000001470, 31.539200000), (0.000001445, 0.000000000), (0.000001526, 31.443200000), (0.000001276, 0.000000000), (0.000001654, 31.536000000), (0.000001302, 0.000000000)],
"best_21":[(0.000001916, 31.507200000), (0.000001628, 0.000000000), (0.000001924, 31.484800000), (0.000001636, 0.000000000), (0.000001952, 31.491200000), (0.000001777, 0.000000000), (0.000001926, 31.513600000), (0.000001773, 0.000000000), (0.000001899, 31.456000000), (0.000001679, 0.000000000), (0.000002012, 31.507200000), (0.000001581, 0.000000000), (0.000001901, 31.484800000), (0.000001552, 0.000000000), (0.000001784, 31.491200000), (0.000001598, 0.000000000), (0.000001895, 31.513600000), (0.000001635, 0.000000000), (0.000001857, 31.456000000), (0.000001515, 0.000000000), (0.000001607, 31.507200000), (0.000001509, 0.000000000), (0.000001849, 31.484800000), (0.000001636, 0.000000000), (0.000001848, 31.491200000), (0.000001492, 0.000000000), (0.000001774, 31.513600000), (0.000001620, 0.000000000), (0.000001829, 31.456000000), (0.000001626, 0.000000000), (0.000001767, 31.507200000), (0.000001574, 0.000000000), (0.000001746, 31.484800000), (0.000001591, 0.000000000), (0.000001874, 31.491200000), (0.000001513, 0.000000000), (0.000001881, 31.513600000), (0.000001482, 0.000000000), (0.000001676, 31.456000000), (0.000001485, 0.000000000), (0.000002103, 31.507200000), (0.000001890, 0.000000000), (0.000001819, 31.484800000), (0.000001504, 0.000000000), (0.000001737, 31.491200000), (0.000001465, 0.000000000), (0.000001774, 31.513600000), (0.000001502, 0.000000000), (0.000001729, 31.456000000), (0.000001485, 0.000000000), (0.000001893, 31.507200000), (0.000001797, 0.000000000), (0.000001857, 31.484800000), (0.000001518, 0.000000000), (0.000001705, 31.491200000), (0.000001745, 0.000000000), (0.000001761, 31.513600000), (0.000001787, 0.000000000), (0.000001722, 31.456000000), (0.000001620, 0.000000000), (0.000001800, 31.507200000), (0.000001814, 0.000000000), (0.000001799, 31.484800000), (0.000001777, 0.000000000), (0.000001766, 31.491200000), (0.000001477, 0.000000000), (0.000001729, 31.513600000), (0.000001454, 0.000000000), (0.000001717, 31.456000000), (0.000001445, 0.000000000), (0.000002224, 31.507200000), (0.000001695, 0.000000000), (0.000001844, 31.484800000), (0.000001506, 0.000000000), (0.000002053, 31.491200000), (0.000001621, 0.000000000), (0.000001937, 31.513600000), (0.000002251, 0.000000000), (0.000002160, 31.456000000), (0.000001625, 0.000000000), (0.000001711, 31.507200000), (0.000001388, 0.000000000), (0.000001677, 31.484800000), (0.000001517, 0.000000000), (0.000001652, 31.491200000), (0.000001523, 0.000000000), (0.000001944, 31.513600000), (0.000001614, 0.000000000), (0.000002946, 31.456000000), (0.000001732, 0.000000000), (0.000001815, 31.507200000), (0.000002940, 0.000000000), (0.000002117, 31.484800000), (0.000001933, 0.000000000), (0.000001864, 31.491200000), (0.000001578, 0.000000000), (0.000001912, 31.513600000), (0.000002030, 0.000000000), (0.000002090, 31.456000000), (0.000001853, 0.000000000)],
"best_22":[(0.000002666, 31.507200000), (0.000002135, 0.000000000), (0.000002284, 31.484800000), (0.000002156, 0.000000000), (0.000002513, 31.542400000), (0.000002098, 0.000000000), (0.000002282, 31.481600000), (0.000001956, 0.000000000), (0.000002375, 31.468800000), (0.000001906, 0.000000000), (0.000002047, 31.507200000), (0.000001868, 0.000000000), (0.000002742, 31.484800000), (0.000001851, 0.000000000), (0.000002019, 31.542400000), (0.000001807, 0.000000000), (0.000002185, 31.481600000), (0.000002147, 0.000000000), (0.000002317, 31.468800000), (0.000001890, 0.000000000), (0.000002059, 31.507200000), (0.000001967, 0.000000000), (0.000002204, 31.484800000), (0.000001963, 0.000000000), (0.000002154, 31.542400000), (0.000001867, 0.000000000), (0.000002231, 31.481600000), (0.000001931, 0.000000000), (0.000002021, 31.468800000), (0.000001793, 0.000000000), (0.000002233, 31.507200000), (0.000001764, 0.000000000), (0.000002429, 31.484800000), (0.000001887, 0.000000000), (0.000002176, 31.542400000), (0.000001771, 0.000000000), (0.000002120, 31.481600000), (0.000001938, 0.000000000), (0.000002019, 31.468800000), (0.000001768, 0.000000000), (0.000001960, 31.507200000), (0.000001761, 0.000000000), (0.000002006, 31.484800000), (0.000001758, 0.000000000), (0.000002172, 31.542400000), (0.000002257, 0.000000000), (0.000002498, 31.481600000), (0.000002140, 0.000000000), (0.000002112, 31.468800000), (0.000001876, 0.000000000), (0.000002468, 31.507200000), (0.000001870, 0.000000000), (0.000002245, 31.484800000), (0.000001876, 0.000000000), (0.000002099, 31.542400000), (0.000002085, 0.000000000), (0.000002150, 31.481600000), (0.000002021, 0.000000000), (0.000002166, 31.468800000), (0.000002157, 0.000000000), (0.000002012, 31.507200000), (0.000001803, 0.000000000), (0.000002259, 31.484800000), (0.000002219, 0.000000000), (0.000002366, 31.542400000), (0.000001900, 0.000000000), (0.000003167, 31.481600000), (0.000002298, 0.000000000), (0.000002585, 31.468800000), (0.000001998, 0.000000000), (0.000001950, 31.507200000), (0.000001908, 0.000000000), (0.000002037, 31.484800000), (0.000001979, 0.000000000), (0.000002061, 31.542400000), (0.000002001, 0.000000000), (0.000002197, 31.481600000), (0.000002046, 0.000000000), (0.000002465, 31.468800000), (0.000002225, 0.000000000), (0.000002443, 31.507200000), (0.000002136, 0.000000000), (0.000002421, 31.484800000), (0.000002095, 0.000000000), (0.000002464, 31.542400000), (0.000002046, 0.000000000), (0.000002614, 31.481600000), (0.000002293, 0.000000000), (0.000002596, 31.468800000), (0.000002144, 0.000000000), (0.000002028, 31.507200000), (0.000002058, 0.000000000), (0.000002094, 31.484800000), (0.000001869, 0.000000000), (0.000002089, 31.542400000), (0.000001878, 0.000000000), (0.000002219, 31.481600000), (0.000001818, 0.000000000), (0.000002200, 31.468800000), (0.000001846, 0.000000000)],
"best_23":[(0.000002460, 31.494400000), (0.000002314, 0.000000000), (0.000002568, 31.459200000), (0.000002370, 0.000000000), (0.000002539, 31.420800000), (0.000002258, 0.000000000), (0.000002639, 31.532800000), (0.000002264, 0.000000000), (0.000002579, 31.446400000), (0.000002264, 0.000000000), (0.000002562, 31.494400000), (0.000002299, 0.000000000), (0.000002618, 31.459200000), (0.000002380, 0.000000000), (0.000002570, 31.420800000), (0.000002518, 0.000000000), (0.000002634, 31.532800000), (0.000002294, 0.000000000), (0.000002725, 31.446400000), (0.000002364, 0.000000000), (0.000002789, 31.494400000), (0.000002515, 0.000000000), (0.000002793, 31.459200000), (0.000002344, 0.000000000), (0.000002751, 31.420800000), (0.000002292, 0.000000000), (0.000002540, 31.532800000), (0.000002268, 0.000000000), (0.000002728, 31.446400000), (0.000002266, 0.000000000), (0.000002954, 31.494400000), (0.000002620, 0.000000000), (0.000002736, 31.459200000), (0.000002352, 0.000000000), (0.000002843, 31.420800000), (0.000002686, 0.000000000), (0.000002824, 31.532800000), (0.000002363, 0.000000000), (0.000002637, 31.446400000), (0.000002329, 0.000000000), (0.000002361, 31.494400000), (0.000003358, 0.000000000), (0.000002591, 31.459200000), (0.000002294, 0.000000000), (0.000002639, 31.420800000), (0.000002252, 0.000000000), (0.000002577, 31.532800000), (0.000002485, 0.000000000), (0.000002569, 31.446400000), (0.000002277, 0.000000000), (0.000002553, 31.494400000), (0.000002363, 0.000000000), (0.000002576, 31.459200000), (0.000002334, 0.000000000), (0.000002650, 31.420800000), (0.000002231, 0.000000000), (0.000002545, 31.532800000), (0.000002219, 0.000000000), (0.000002561, 31.446400000), (0.000002190, 0.000000000), (0.000002615, 31.494400000), (0.000002277, 0.000000000), (0.000002524, 31.459200000), (0.000002279, 0.000000000), (0.000002574, 31.420800000), (0.000002292, 0.000000000), (0.000002547, 31.532800000), (0.000002321, 0.000000000), (0.000002579, 31.446400000), (0.000002242, 0.000000000), (0.000002422, 31.494400000), (0.000002390, 0.000000000), (0.000002541, 31.459200000), (0.000002298, 0.000000000), (0.000002605, 31.420800000), (0.000002315, 0.000000000), (0.000002702, 31.532800000), (0.000002283, 0.000000000), (0.000002527, 31.446400000), (0.000002192, 0.000000000), (0.000002398, 31.494400000), (0.000002170, 0.000000000), (0.000002488, 31.459200000), (0.000002278, 0.000000000), (0.000002452, 31.420800000), (0.000002187, 0.000000000), (0.000002399, 31.532800000), (0.000002062, 0.000000000), (0.000002540, 31.446400000), (0.000002230, 0.000000000), (0.000002338, 31.494400000), (0.000002329, 0.000000000), (0.000002755, 31.459200000), (0.000002381, 0.000000000), (0.000002699, 31.420800000), (0.000002290, 0.000000000), (0.000002608, 31.532800000), (0.000002265, 0.000000000), (0.000002639, 31.446400000), (0.000002260, 0.000000000)],
"best_24":[(0.000002961, 31.472000000), (0.000002909, 0.000000000), (0.000003030, 31.459200000), (0.000002754, 0.000000000), (0.000003042, 31.526400000), (0.000002658, 0.000000000), (0.000003453, 31.456000000), (0.000002792, 0.000000000), (0.000003116, 31.577600000), (0.000002698, 0.000000000), (0.000002710, 31.472000000), (0.000002577, 0.000000000), (0.000003005, 31.459200000), (0.000002582, 0.000000000), (0.000003057, 31.526400000), (0.000002584, 0.000000000), (0.000003043, 31.456000000), (0.000002569, 0.000000000), (0.000002892, 31.577600000), (0.000002562, 0.000000000), (0.000002796, 31.472000000), (0.000002838, 0.000000000), (0.000003081, 31.459200000), (0.000002756, 0.000000000), (0.000003022, 31.526400000), (0.000002541, 0.000000000), (0.000002972, 31.456000000), (0.000002709, 0.000000000), (0.000002955, 31.577600000), (0.000002573, 0.000000000), (0.000003387, 31.472000000), (0.000003051, 0.000000000), (0.000004067, 31.459200000), (0.000003378, 0.000000000), (0.000003153, 31.526400000), (0.000002662, 0.000000000), (0.000003000, 31.456000000), (0.000002680, 0.000000000), (0.000003149, 31.577600000), (0.000002726, 0.000000000), (0.000002748, 31.472000000), (0.000002632, 0.000000000), (0.000002988, 31.459200000), (0.000002668, 0.000000000), (0.000002996, 31.526400000), (0.000002554, 0.000000000), (0.000002936, 31.456000000), (0.000002532, 0.000000000), (0.000002884, 31.577600000), (0.000002601, 0.000000000), (0.000002695, 31.472000000), (0.000002686, 0.000000000), (0.000002978, 31.459200000), (0.000002567, 0.000000000), (0.000002921, 31.526400000), (0.000002668, 0.000000000), (0.000002968, 31.456000000), (0.000002713, 0.000000000), (0.000002973, 31.577600000), (0.000002673, 0.000000000), (0.000002676, 31.472000000), (0.000002533, 0.000000000), (0.000002942, 31.459200000), (0.000002564, 0.000000000), (0.000002891, 31.526400000), (0.000002530, 0.000000000), (0.000002947, 31.456000000), (0.000002671, 0.000000000), (0.000002895, 31.577600000), (0.000002605, 0.000000000), (0.000002634, 31.472000000), (0.000002573, 0.000000000), (0.000002954, 31.459200000), (0.000002659, 0.000000000), (0.000002906, 31.526400000), (0.000002586, 0.000000000), (0.000002936, 31.456000000), (0.000002555, 0.000000000), (0.000003003, 31.577600000), (0.000002644, 0.000000000), (0.000002730, 31.472000000), (0.000002639, 0.000000000), (0.000002996, 31.459200000), (0.000002707, 0.000000000), (0.000002927, 31.526400000), (0.000002580, 0.000000000), (0.000002965, 31.456000000), (0.000002607, 0.000000000), (0.000002873, 31.577600000), (0.000002536, 0.000000000), (0.000002795, 31.472000000), (0.000002541, 0.000000000), (0.000002875, 31.459200000), (0.000002609, 0.000000000), (0.000002942, 31.526400000), (0.000002566, 0.000000000), (0.000003017, 31.456000000), (0.000002576, 0.000000000), (0.000002967, 31.577600000), (0.000002593, 0.000000000)],
"best_25":[(0.000003297, 31.561600000), (0.000003247, 0.000000000), (0.000003329, 31.481600000), (0.000002943, 0.000000000), (0.000003349, 31.494400000), (0.000002986, 0.000000000), (0.000004111, 31.475200000), (0.000003743, 0.000000000), (0.000004412, 31.523200000), (0.000003664, 0.000000000), (0.000003049, 31.561600000), (0.000002860, 0.000000000), (0.000003324, 31.481600000), (0.000002871, 0.000000000), (0.000003238, 31.494400000), (0.000002812, 0.000000000), (0.000003230, 31.475200000), (0.000002857, 0.000000000), (0.000003269, 31.523200000), (0.000002889, 0.000000000), (0.000003250, 31.561600000), (0.000002969, 0.000000000), (0.000003469, 31.481600000), (0.000003117, 0.000000000), (0.000003384, 31.494400000), (0.000002996, 0.000000000), (0.000003562, 31.475200000), (0.000003178, 0.000000000), (0.000004256, 31.523200000), (0.000003384, 0.000000000), (0.000003216, 31.561600000), (0.000003354, 0.000000000), (0.000003419, 31.481600000), (0.000003235, 0.000000000), (0.000003539, 31.494400000), (0.000003138, 0.000000000), (0.000003743, 31.475200000), (0.000002954, 0.000000000), (0.000003649, 31.523200000), (0.000003139, 0.000000000), (0.000003236, 31.561600000), (0.000003033, 0.000000000), (0.000003481, 31.481600000), (0.000003194, 0.000000000), (0.000003627, 31.494400000), (0.000003040, 0.000000000), (0.000003464, 31.475200000), (0.000003024, 0.000000000), (0.000003413, 31.523200000), (0.000003101, 0.000000000), (0.000003575, 31.561600000), (0.000003090, 0.000000000), (0.000003659, 31.481600000), (0.000003203, 0.000000000), (0.000003602, 31.494400000), (0.000003151, 0.000000000), (0.000003849, 31.475200000), (0.000003564, 0.000000000), (0.000003834, 31.523200000), (0.000003145, 0.000000000), (0.000003631, 31.561600000), (0.000003301, 0.000000000), (0.000003387, 31.481600000), (0.000003059, 0.000000000), (0.000003446, 31.494400000), (0.000002897, 0.000000000), (0.000003336, 31.475200000), (0.000003034, 0.000000000), (0.000003400, 31.523200000), (0.000002859, 0.000000000), (0.000003374, 31.561600000), (0.000002939, 0.000000000), (0.000003288, 31.481600000), (0.000002816, 0.000000000), (0.000003339, 31.494400000), (0.000003215, 0.000000000), (0.000004440, 31.475200000), (0.000003368, 0.000000000), (0.000003578, 31.523200000), (0.000003351, 0.000000000), (0.000003168, 31.561600000), (0.000002918, 0.000000000), (0.000003366, 31.481600000), (0.000002904, 0.000000000), (0.000003318, 31.494400000), (0.000002890, 0.000000000), (0.000003317, 31.475200000), (0.000002861, 0.000000000), (0.000003212, 31.523200000), (0.000002938, 0.000000000), (0.000003049, 31.561600000), (0.000002904, 0.000000000), (0.000003283, 31.481600000), (0.000003113, 0.000000000), (0.000003261, 31.494400000), (0.000002904, 0.000000000), (0.000003317, 31.475200000), (0.000002944, 0.000000000), (0.000003271, 31.523200000), (0.000002829, 0.000000000)],
"worst_21":[(0.000000546, 31.379200000), (0.000000524, 0.000000000), (0.000000638, 31.392000000), (0.000000564, 0.000000000), (0.000000699, 31.353600000), (0.000000595, 0.000000000), (0.000000781, 31.347200000), (0.000000640, 0.000000000), (0.000000722, 31.292800000), (0.000000622, 0.000000000), (0.000000620, 31.379200000), (0.000000559, 0.000000000), (0.000000661, 31.392000000), (0.000000577, 0.000000000), (0.000000690, 31.353600000), (0.000000581, 0.000000000), (0.000000795, 31.347200000), (0.000000610, 0.000000000), (0.000000676, 31.292800000), (0.000000633, 0.000000000), (0.000000638, 31.379200000), (0.000000538, 0.000000000), (0.000000691, 31.392000000), (0.000000565, 0.000000000), (0.000000750, 31.353600000), (0.000000574, 0.000000000), (0.000000686, 31.347200000), (0.000000613, 0.000000000), (0.000000818, 31.292800000), (0.000000622, 0.000000000), (0.000000593, 31.379200000), (0.000000537, 0.000000000), (0.000000643, 31.392000000), (0.000000545, 0.000000000), (0.000000628, 31.353600000), (0.000000573, 0.000000000), (0.000000687, 31.347200000), (0.000000592, 0.000000000), (0.000000722, 31.292800000), (0.000000775, 0.000000000), (0.000000599, 31.379200000), (0.000000544, 0.000000000), (0.000000660, 31.392000000), (0.000000592, 0.000000000), (0.000000697, 31.353600000), (0.000000593, 0.000000000), (0.000000710, 31.347200000), (0.000000579, 0.000000000), (0.000000666, 31.292800000), (0.000000644, 0.000000000), (0.000000675, 31.379200000), (0.000000548, 0.000000000), (0.000000641, 31.392000000), (0.000000563, 0.000000000), (0.000000685, 31.353600000), (0.000000594, 0.000000000), (0.000000693, 31.347200000), (0.000000585, 0.000000000), (0.000000812, 31.292800000), (0.000000580, 0.000000000), (0.000000579, 31.379200000), (0.000000550, 0.000000000), (0.000000659, 31.392000000), (0.000000575, 0.000000000), (0.000000837, 31.353600000), (0.000000589, 0.000000000), (0.000000652, 31.347200000), (0.000000573, 0.000000000), (0.000000678, 31.292800000), (0.000000730, 0.000000000), (0.000000635, 31.379200000), (0.000000610, 0.000000000), (0.000000671, 31.392000000), (0.000000553, 0.000000000), (0.000000720, 31.353600000), (0.000000648, 0.000000000), (0.000000798, 31.347200000), (0.000000646, 0.000000000), (0.000000837, 31.292800000), (0.000000666, 0.000000000), (0.000000615, 31.379200000), (0.000000565, 0.000000000), (0.000000696, 31.392000000), (0.000000563, 0.000000000), (0.000000829, 31.353600000), (0.000000572, 0.000000000), (0.000000702, 31.347200000), (0.000000583, 0.000000000), (0.000000794, 31.292800000), (0.000000618, 0.000000000), (0.000000630, 31.379200000), (0.000000563, 0.000000000), (0.000000746, 31.392000000), (0.000000776, 0.000000000), (0.000000727, 31.353600000), (0.000000601, 0.000000000), (0.000000724, 31.347200000), (0.000000582, 0.000000000), (0.000000785, 31.292800000), (0.000000611, 0.000000000)],
"worst_22":[(0.000000710, 31.452800000), (0.000000722, 0.000000000), (0.000000849, 31.462400000), (0.000000655, 0.000000000), (0.000000736, 31.427200000), (0.000000702, 0.000000000), (0.000000870, 31.369600000), (0.000000701, 0.000000000), (0.000000881, 31.379200000), (0.000000739, 0.000000000), (0.000000717, 31.452800000), (0.000000609, 0.000000000), (0.000000800, 31.462400000), (0.000000782, 0.000000000), (0.000000844, 31.427200000), (0.000000731, 0.000000000), (0.000001023, 31.369600000), (0.000000831, 0.000000000), (0.000000832, 31.379200000), (0.000000736, 0.000000000), (0.000000724, 31.452800000), (0.000000921, 0.000000000), (0.000000810, 31.462400000), (0.000000671, 0.000000000), (0.000000877, 31.427200000), (0.000000780, 0.000000000), (0.000000863, 31.369600000), (0.000000855, 0.000000000), (0.000000945, 31.379200000), (0.000000810, 0.000000000), (0.000000795, 31.452800000), (0.000000852, 0.000000000), (0.000000823, 31.462400000), (0.000000684, 0.000000000), (0.000000912, 31.427200000), (0.000000727, 0.000000000), (0.000000988, 31.369600000), (0.000000812, 0.000000000), (0.000001002, 31.379200000), (0.000000756, 0.000000000), (0.000000702, 31.452800000), (0.000000630, 0.000000000), (0.000000832, 31.462400000), (0.000000660, 0.000000000), (0.000000859, 31.427200000), (0.000000911, 0.000000000), (0.000000867, 31.369600000), (0.000000750, 0.000000000), (0.000000897, 31.379200000), (0.000000908, 0.000000000), (0.000000721, 31.452800000), (0.000000683, 0.000000000), (0.000000798, 31.462400000), (0.000000873, 0.000000000), (0.000000842, 31.427200000), (0.000000730, 0.000000000), (0.000000965, 31.369600000), (0.000000820, 0.000000000), (0.000000801, 31.379200000), (0.000000775, 0.000000000), (0.000000679, 31.452800000), (0.000000908, 0.000000000), (0.000000952, 31.462400000), (0.000000923, 0.000000000), (0.000000985, 31.427200000), (0.000000784, 0.000000000), (0.000001150, 31.369600000), (0.000000958, 0.000000000), (0.000000972, 31.379200000), (0.000000830, 0.000000000), (0.000000708, 31.452800000), (0.000000639, 0.000000000), (0.000000848, 31.462400000), (0.000000726, 0.000000000), (0.000000795, 31.427200000), (0.000000819, 0.000000000), (0.000000866, 31.369600000), (0.000000742, 0.000000000), (0.000000976, 31.379200000), (0.000000921, 0.000000000), (0.000000835, 31.452800000), (0.000000647, 0.000000000), (0.000000757, 31.462400000), (0.000000856, 0.000000000), (0.000000836, 31.427200000), (0.000000652, 0.000000000), (0.000000842, 31.369600000), (0.000000939, 0.000000000), (0.000000764, 31.379200000), (0.000000668, 0.000000000), (0.000000653, 31.452800000), (0.000000638, 0.000000000), (0.000000747, 31.462400000), (0.000000640, 0.000000000), (0.000000792, 31.427200000), (0.000000617, 0.000000000), (0.000000794, 31.369600000), (0.000000825, 0.000000000), (0.000000887, 31.379200000), (0.000000665, 0.000000000)],
"worst_23":[(0.000000852, 31.424000000), (0.000000772, 0.000000000), (0.000000882, 31.440000000), (0.000000975, 0.000000000), (0.000001034, 31.529600000), (0.000001316, 0.000000000), (0.000001522, 31.478400000), (0.000001364, 0.000000000), (0.000001116, 31.417600000), (0.000000969, 0.000000000), (0.000000832, 31.424000000), (0.000001125, 0.000000000), (0.000001021, 31.440000000), (0.000000779, 0.000000000), (0.000000911, 31.529600000), (0.000000827, 0.000000000), (0.000000978, 31.478400000), (0.000000925, 0.000000000), (0.000000923, 31.417600000), (0.000001022, 0.000000000), (0.000000977, 31.424000000), (0.000000868, 0.000000000), (0.000001078, 31.440000000), (0.000000960, 0.000000000), (0.000000967, 31.529600000), (0.000000772, 0.000000000), (0.000000880, 31.478400000), (0.000000898, 0.000000000), (0.000000970, 31.417600000), (0.000000782, 0.000000000), (0.000000800, 31.424000000), (0.000000725, 0.000000000), (0.000000849, 31.440000000), (0.000000866, 0.000000000), (0.000001030, 31.529600000), (0.000000763, 0.000000000), (0.000000971, 31.478400000), (0.000000778, 0.000000000), (0.000001040, 31.417600000), (0.000001001, 0.000000000), (0.000000777, 31.424000000), (0.000000827, 0.000000000), (0.000000932, 31.440000000), (0.000000773, 0.000000000), (0.000000938, 31.529600000), (0.000000817, 0.000000000), (0.000001019, 31.478400000), (0.000000854, 0.000000000), (0.000001020, 31.417600000), (0.000000825, 0.000000000), (0.000000836, 31.424000000), (0.000000928, 0.000000000), (0.000001016, 31.440000000), (0.000000826, 0.000000000), (0.000000850, 31.529600000), (0.000000824, 0.000000000), (0.000000931, 31.478400000), (0.000000794, 0.000000000), (0.000000908, 31.417600000), (0.000000788, 0.000000000), (0.000000803, 31.424000000), (0.000000748, 0.000000000), (0.000000866, 31.440000000), (0.000000706, 0.000000000), (0.000000837, 31.529600000), (0.000000769, 0.000000000), (0.000000928, 31.478400000), (0.000000825, 0.000000000), (0.000000925, 31.417600000), (0.000000815, 0.000000000), (0.000000984, 31.424000000), (0.000000750, 0.000000000), (0.000000863, 31.440000000), (0.000000741, 0.000000000), (0.000001035, 31.529600000), (0.000000782, 0.000000000), (0.000000873, 31.478400000), (0.000000808, 0.000000000), (0.000000945, 31.417600000), (0.000001015, 0.000000000), (0.000000768, 31.424000000), (0.000000735, 0.000000000), (0.000000871, 31.440000000), (0.000000772, 0.000000000), (0.000000908, 31.529600000), (0.000000803, 0.000000000), (0.000001003, 31.478400000), (0.000000890, 0.000000000), (0.000001176, 31.417600000), (0.000000779, 0.000000000), (0.000000844, 31.424000000), (0.000000784, 0.000000000), (0.000000878, 31.440000000), (0.000000739, 0.000000000), (0.000000861, 31.529600000), (0.000000733, 0.000000000), (0.000000876, 31.478400000), (0.000000832, 0.000000000), (0.000000897, 31.417600000), (0.000000776, 0.000000000)],
"worst_24":[(0.000000939, 31.478400000), (0.000000971, 0.000000000), (0.000001221, 31.475200000), (0.000000998, 0.000000000), (0.000001307, 31.542400000), (0.000001194, 0.000000000), (0.000001162, 31.440000000), (0.000001044, 0.000000000), (0.000001221, 31.446400000), (0.000001204, 0.000000000), (0.000000946, 31.478400000), (0.000001006, 0.000000000), (0.000001275, 31.475200000), (0.000001139, 0.000000000), (0.000001312, 31.542400000), (0.000001055, 0.000000000), (0.000001196, 31.440000000), (0.000001032, 0.000000000), (0.000001207, 31.446400000), (0.000001128, 0.000000000), (0.000001207, 31.478400000), (0.000001034, 0.000000000), (0.000001328, 31.475200000), (0.000001159, 0.000000000), (0.000001250, 31.542400000), (0.000001151, 0.000000000), (0.000001404, 31.440000000), (0.000001197, 0.000000000), (0.000001243, 31.446400000), (0.000001112, 0.000000000), (0.000001096, 31.478400000), (0.000001041, 0.000000000), (0.000001262, 31.475200000), (0.000001006, 0.000000000), (0.000001073, 31.542400000), (0.000000961, 0.000000000), (0.000001065, 31.440000000), (0.000000960, 0.000000000), (0.000001192, 31.446400000), (0.000001074, 0.000000000), (0.000001072, 31.478400000), (0.000001067, 0.000000000), (0.000001157, 31.475200000), (0.000001004, 0.000000000), (0.000001199, 31.542400000), (0.000000984, 0.000000000), (0.000001159, 31.440000000), (0.000001054, 0.000000000), (0.000001290, 31.446400000), (0.000000994, 0.000000000), (0.000000950, 31.478400000), (0.000001037, 0.000000000), (0.000001116, 31.475200000), (0.000000997, 0.000000000), (0.000001246, 31.542400000), (0.000001102, 0.000000000), (0.000001164, 31.440000000), (0.000000952, 0.000000000), (0.000001106, 31.446400000), (0.000000995, 0.000000000), (0.000000977, 31.478400000), (0.000000985, 0.000000000), (0.000001125, 31.475200000), (0.000000972, 0.000000000), (0.000001140, 31.542400000), (0.000001009, 0.000000000), (0.000001244, 31.440000000), (0.000001030, 0.000000000), (0.000001123, 31.446400000), (0.000001006, 0.000000000), (0.000000894, 31.478400000), (0.000000957, 0.000000000), (0.000001059, 31.475200000), (0.000000946, 0.000000000), (0.000001116, 31.542400000), (0.000001190, 0.000000000), (0.000001457, 31.440000000), (0.000000981, 0.000000000), (0.000001121, 31.446400000), (0.000000992, 0.000000000), (0.000000893, 31.478400000), (0.000000955, 0.000000000), (0.000001071, 31.475200000), (0.000000997, 0.000000000), (0.000001157, 31.542400000), (0.000000923, 0.000000000), (0.000001145, 31.440000000), (0.000000944, 0.000000000), (0.000001087, 31.446400000), (0.000001021, 0.000000000), (0.000000979, 31.478400000), (0.000001057, 0.000000000), (0.000001177, 31.475200000), (0.000000988, 0.000000000), (0.000001123, 31.542400000), (0.000001005, 0.000000000), (0.000001103, 31.440000000), (0.000000978, 0.000000000), (0.000001143, 31.446400000), (0.000001004, 0.000000000)],
"worst_25":[(0.000001208, 31.510400000), (0.000001234, 0.000000000), (0.000001322, 31.542400000), (0.000001208, 0.000000000), (0.000001265, 31.494400000), (0.000001313, 0.000000000), (0.000001296, 31.507200000), (0.000001193, 0.000000000), (0.000001275, 31.513600000), (0.000001375, 0.000000000), (0.000001211, 31.510400000), (0.000001248, 0.000000000), (0.000001458, 31.542400000), (0.000001354, 0.000000000), (0.000001347, 31.494400000), (0.000001200, 0.000000000), (0.000001295, 31.507200000), (0.000001252, 0.000000000), (0.000001414, 31.513600000), (0.000001276, 0.000000000), (0.000001311, 31.510400000), (0.000001279, 0.000000000), (0.000001387, 31.542400000), (0.000001409, 0.000000000), (0.000001443, 31.494400000), (0.000001323, 0.000000000), (0.000001600, 31.507200000), (0.000001219, 0.000000000), (0.000001331, 31.513600000), (0.000001150, 0.000000000), (0.000001183, 31.510400000), (0.000001395, 0.000000000), (0.000001368, 31.542400000), (0.000001263, 0.000000000), (0.000001386, 31.494400000), (0.000001192, 0.000000000), (0.000001306, 31.507200000), (0.000001228, 0.000000000), (0.000001317, 31.513600000), (0.000001190, 0.000000000), (0.000001160, 31.510400000), (0.000001438, 0.000000000), (0.000001381, 31.542400000), (0.000001238, 0.000000000), (0.000001305, 31.494400000), (0.000001376, 0.000000000), (0.000002532, 31.507200000), (0.000002410, 0.000000000), (0.000003340, 31.513600000), (0.000003081, 0.000000000), (0.000002612, 31.510400000), (0.000002428, 0.000000000), (0.000002150, 31.542400000), (0.000002043, 0.000000000), (0.000001549, 31.494400000), (0.000001426, 0.000000000), (0.000001333, 31.507200000), (0.000001220, 0.000000000), (0.000001332, 31.513600000), (0.000001261, 0.000000000), (0.000001295, 31.510400000), (0.000001309, 0.000000000), (0.000001465, 31.542400000), (0.000001185, 0.000000000), (0.000001384, 31.494400000), (0.000001202, 0.000000000), (0.000001370, 31.507200000), (0.000001315, 0.000000000), (0.000001376, 31.513600000), (0.000001223, 0.000000000), (0.000001348, 31.510400000), (0.000001603, 0.000000000), (0.000001781, 31.542400000), (0.000001302, 0.000000000), (0.000001468, 31.494400000), (0.000001211, 0.000000000), (0.000001342, 31.507200000), (0.000001211, 0.000000000), (0.000001415, 31.513600000), (0.000001230, 0.000000000), (0.000001217, 31.510400000), (0.000001189, 0.000000000), (0.000001345, 31.542400000), (0.000001170, 0.000000000), (0.000001409, 31.494400000), (0.000001126, 0.000000000), (0.000001531, 31.507200000), (0.000001291, 0.000000000), (0.000001321, 31.513600000), (0.000001266, 0.000000000), (0.000001195, 31.510400000), (0.000001239, 0.000000000), (0.000001340, 31.542400000), (0.000001217, 0.000000000), (0.000001296, 31.494400000), (0.000001185, 0.000000000), (0.000001288, 31.507200000), (0.000001203, 0.000000000), (0.000001421, 31.513600000), (0.000001201, 0.000000000)],
"worst_26":[(0.000001314, 31.491200000), (0.000001399, 0.000000000), (0.000001539, 31.529600000), (0.000001420, 0.000000000), (0.000001482, 31.555200000), (0.000001369, 0.000000000), (0.000001583, 31.443200000), (0.000001376, 0.000000000), (0.000001550, 31.510400000), (0.000001386, 0.000000000), (0.000001296, 31.491200000), (0.000001348, 0.000000000), (0.000001511, 31.529600000), (0.000001438, 0.000000000), (0.000001582, 31.555200000), (0.000001451, 0.000000000), (0.000001616, 31.443200000), (0.000001344, 0.000000000), (0.000001567, 31.510400000), (0.000001376, 0.000000000), (0.000001365, 31.491200000), (0.000001359, 0.000000000), (0.000001469, 31.529600000), (0.000001431, 0.000000000), (0.000001583, 31.555200000), (0.000001390, 0.000000000), (0.000001516, 31.443200000), (0.000001413, 0.000000000), (0.000001543, 31.510400000), (0.000001347, 0.000000000), (0.000001436, 31.491200000), (0.000001426, 0.000000000), (0.000001583, 31.529600000), (0.000001465, 0.000000000), (0.000001678, 31.555200000), (0.000001390, 0.000000000), (0.000001508, 31.443200000), (0.000001411, 0.000000000), (0.000001529, 31.510400000), (0.000001434, 0.000000000), (0.000001457, 31.491200000), (0.000001431, 0.000000000), (0.000001508, 31.529600000), (0.000001351, 0.000000000), (0.000001506, 31.555200000), (0.000001460, 0.000000000), (0.000001539, 31.443200000), (0.000001376, 0.000000000), (0.000001512, 31.510400000), (0.000001426, 0.000000000), (0.000001382, 31.491200000), (0.000001577, 0.000000000), (0.000001774, 31.529600000), (0.000001458, 0.000000000), (0.000001946, 31.555200000), (0.000001426, 0.000000000), (0.000001674, 31.443200000), (0.000001440, 0.000000000), (0.000001616, 31.510400000), (0.000001379, 0.000000000), (0.000001365, 31.491200000), (0.000001534, 0.000000000), (0.000001553, 31.529600000), (0.000001478, 0.000000000), (0.000001482, 31.555200000), (0.000001358, 0.000000000), (0.000001545, 31.443200000), (0.000001336, 0.000000000), (0.000001569, 31.510400000), (0.000001333, 0.000000000), (0.000001437, 31.491200000), (0.000001365, 0.000000000), (0.000001441, 31.529600000), (0.000001337, 0.000000000), (0.000001509, 31.555200000), (0.000001380, 0.000000000), (0.000001473, 31.443200000), (0.000001424, 0.000000000), (0.000001483, 31.510400000), (0.000001368, 0.000000000), (0.000001436, 31.491200000), (0.000001364, 0.000000000), (0.000001459, 31.529600000), (0.000001422, 0.000000000), (0.000001570, 31.555200000), (0.000001334, 0.000000000), (0.000001514, 31.443200000), (0.000001410, 0.000000000), (0.000001641, 31.510400000), (0.000001430, 0.000000000), (0.000001443, 31.491200000), (0.000001371, 0.000000000), (0.000001500, 31.529600000), (0.000001318, 0.000000000), (0.000001475, 31.555200000), (0.000001469, 0.000000000), (0.000001514, 31.443200000), (0.000001328, 0.000000000), (0.000001498, 31.510400000), (0.000001464, 0.000000000)],
"worst_27":[(0.000001623, 31.561600000), (0.000001694, 0.000000000), (0.000001762, 31.424000000), (0.000001595, 0.000000000), (0.000001712, 31.491200000), (0.000001554, 0.000000000), (0.000001759, 31.484800000), (0.000001590, 0.000000000), (0.000001717, 31.491200000), (0.000001646, 0.000000000), (0.000001524, 31.561600000), (0.000001597, 0.000000000), (0.000001684, 31.424000000), (0.000001594, 0.000000000), (0.000001724, 31.491200000), (0.000001557, 0.000000000), (0.000001695, 31.484800000), (0.000001601, 0.000000000), (0.000001706, 31.491200000), (0.000001619, 0.000000000), (0.000001644, 31.561600000), (0.000001672, 0.000000000), (0.000001691, 31.424000000), (0.000001545, 0.000000000), (0.000001685, 31.491200000), (0.000001542, 0.000000000), (0.000001775, 31.484800000), (0.000001587, 0.000000000), (0.000001698, 31.491200000), (0.000001558, 0.000000000), (0.000001567, 31.561600000), (0.000001585, 0.000000000), (0.000001674, 31.424000000), (0.000001653, 0.000000000), (0.000001683, 31.491200000), (0.000001747, 0.000000000), (0.000001689, 31.484800000), (0.000001542, 0.000000000), (0.000001718, 31.491200000), (0.000001514, 0.000000000), (0.000001553, 31.561600000), (0.000001587, 0.000000000), (0.000001644, 31.424000000), (0.000001515, 0.000000000), (0.000001879, 31.491200000), (0.000001942, 0.000000000), (0.000001853, 31.484800000), (0.000001662, 0.000000000), (0.000001679, 31.491200000), (0.000001570, 0.000000000), (0.000001909, 31.561600000), (0.000001702, 0.000000000), (0.000001673, 31.424000000), (0.000001516, 0.000000000), (0.000001621, 31.491200000), (0.000001563, 0.000000000), (0.000001654, 31.484800000), (0.000001527, 0.000000000), (0.000001694, 31.491200000), (0.000001523, 0.000000000), (0.000001624, 31.561600000), (0.000001657, 0.000000000), (0.000001658, 31.424000000), (0.000001541, 0.000000000), (0.000001706, 31.491200000), (0.000001503, 0.000000000), (0.000001645, 31.484800000), (0.000001530, 0.000000000), (0.000001717, 31.491200000), (0.000001509, 0.000000000), (0.000001732, 31.561600000), (0.000001618, 0.000000000), (0.000001756, 31.424000000), (0.000001654, 0.000000000), (0.000001688, 31.491200000), (0.000001525, 0.000000000), (0.000002414, 31.484800000), (0.000002300, 0.000000000), (0.000002182, 31.491200000), (0.000002092, 0.000000000), (0.000001880, 31.561600000), (0.000001677, 0.000000000), (0.000001788, 31.424000000), (0.000001568, 0.000000000), (0.000001716, 31.491200000), (0.000001669, 0.000000000), (0.000001943, 31.484800000), (0.000001663, 0.000000000), (0.000001683, 31.491200000), (0.000001520, 0.000000000), (0.000001612, 31.561600000), (0.000001618, 0.000000000), (0.000001698, 31.424000000), (0.000001621, 0.000000000), (0.000001925, 31.491200000), (0.000001810, 0.000000000), (0.000002078, 31.484800000), (0.000002053, 0.000000000), (0.000001897, 31.491200000), (0.000001658, 0.000000000)],
"worst_28":[(0.000001740, 31.481600000), (0.000001790, 0.000000000), (0.000001873, 31.449600000), (0.000001747, 0.000000000), (0.000001921, 31.459200000), (0.000001794, 0.000000000), (0.000001938, 31.552000000), (0.000001727, 0.000000000), (0.000001918, 31.504000000), (0.000001905, 0.000000000), (0.000001739, 31.481600000), (0.000001787, 0.000000000), (0.000001936, 31.449600000), (0.000001775, 0.000000000), (0.000001893, 31.459200000), (0.000001742, 0.000000000), (0.000001978, 31.552000000), (0.000001739, 0.000000000), (0.000001899, 31.504000000), (0.000001739, 0.000000000), (0.000001899, 31.481600000), (0.000001829, 0.000000000), (0.000001854, 31.449600000), (0.000001768, 0.000000000), (0.000002029, 31.459200000), (0.000002082, 0.000000000), (0.000002199, 31.552000000), (0.000002150, 0.000000000), (0.000001943, 31.504000000), (0.000001886, 0.000000000), (0.000001820, 31.481600000), (0.000001947, 0.000000000), (0.000001955, 31.449600000), (0.000001805, 0.000000000), (0.000001904, 31.459200000), (0.000001771, 0.000000000), (0.000002044, 31.552000000), (0.000001790, 0.000000000), (0.000001985, 31.504000000), (0.000001854, 0.000000000), (0.000001775, 31.481600000), (0.000001842, 0.000000000), (0.000001908, 31.449600000), (0.000001934, 0.000000000), (0.000001924, 31.459200000), (0.000001888, 0.000000000), (0.000001902, 31.552000000), (0.000001992, 0.000000000), (0.000001945, 31.504000000), (0.000001934, 0.000000000), (0.000001743, 31.481600000), (0.000001816, 0.000000000), (0.000001881, 31.449600000), (0.000001824, 0.000000000), (0.000001955, 31.459200000), (0.000001846, 0.000000000), (0.000001920, 31.552000000), (0.000001742, 0.000000000), (0.000001909, 31.504000000), (0.000001796, 0.000000000), (0.000001887, 31.481600000), (0.000001989, 0.000000000), (0.000002003, 31.449600000), (0.000001794, 0.000000000), (0.000002848, 31.459200000), (0.000001848, 0.000000000), (0.000002020, 31.552000000), (0.000001800, 0.000000000), (0.000001932, 31.504000000), (0.000001803, 0.000000000), (0.000001777, 31.481600000), (0.000001816, 0.000000000), (0.000001889, 31.449600000), (0.000001746, 0.000000000), (0.000001889, 31.459200000), (0.000001761, 0.000000000), (0.000002017, 31.552000000), (0.000001883, 0.000000000), (0.000001983, 31.504000000), (0.000001830, 0.000000000), (0.000001749, 31.481600000), (0.000001794, 0.000000000), (0.000001895, 31.449600000), (0.000001792, 0.000000000), (0.000002027, 31.459200000), (0.000001791, 0.000000000), (0.000001949, 31.552000000), (0.000001869, 0.000000000), (0.000001899, 31.504000000), (0.000001944, 0.000000000), (0.000001801, 31.481600000), (0.000001913, 0.000000000), (0.000001924, 31.449600000), (0.000001782, 0.000000000), (0.000001878, 31.459200000), (0.000001816, 0.000000000), (0.000002171, 31.552000000), (0.000002198, 0.000000000), (0.000002366, 31.504000000), (0.000001998, 0.000000000)],
"worst_29":[(0.000001974, 31.504000000), (0.000002079, 0.000000000), (0.000002188, 31.430400000), (0.000002053, 0.000000000), (0.000002244, 31.510400000), (0.000002256, 0.000000000), (0.000002155, 31.526400000), (0.000002055, 0.000000000), (0.000002191, 31.452800000), (0.000002045, 0.000000000), (0.000002142, 31.504000000), (0.000002208, 0.000000000), (0.000002127, 31.430400000), (0.000002070, 0.000000000), (0.000002125, 31.510400000), (0.000002047, 0.000000000), (0.000002218, 31.526400000), (0.000002011, 0.000000000), (0.000002154, 31.452800000), (0.000002043, 0.000000000), (0.000002071, 31.504000000), (0.000002078, 0.000000000), (0.000002295, 31.430400000), (0.000002113, 0.000000000), (0.000002306, 31.510400000), (0.000002064, 0.000000000), (0.000002156, 31.526400000), (0.000002021, 0.000000000), (0.000002213, 31.452800000), (0.000001974, 0.000000000), (0.000002293, 31.504000000), (0.000002430, 0.000000000), (0.000002414, 31.430400000), (0.000002216, 0.000000000), (0.000002448, 31.510400000), (0.000002394, 0.000000000), (0.000002197, 31.526400000), (0.000002149, 0.000000000), (0.000002244, 31.452800000), (0.000002886, 0.000000000), (0.000002138, 31.504000000), (0.000002187, 0.000000000), (0.000002159, 31.430400000), (0.000002057, 0.000000000), (0.000002412, 31.510400000), (0.000002109, 0.000000000), (0.000002126, 31.526400000), (0.000002038, 0.000000000), (0.000002238, 31.452800000), (0.000002105, 0.000000000), (0.000004036, 31.504000000), (0.000004315, 0.000000000), (0.000003190, 31.430400000), (0.000002255, 0.000000000), (0.000002265, 31.510400000), (0.000002202, 0.000000000), (0.000002111, 31.526400000), (0.000002038, 0.000000000), (0.000002170, 31.452800000), (0.000002017, 0.000000000), (0.000002020, 31.504000000), (0.000002079, 0.000000000), (0.000002240, 31.430400000), (0.000002136, 0.000000000), (0.000002210, 31.510400000), (0.000001993, 0.000000000), (0.000002144, 31.526400000), (0.000001997, 0.000000000), (0.000002273, 31.452800000), (0.000001992, 0.000000000), (0.000002122, 31.504000000), (0.000002086, 0.000000000), (0.000002160, 31.430400000), (0.000002047, 0.000000000), (0.000002152, 31.510400000), (0.000002096, 0.000000000), (0.000002213, 31.526400000), (0.000001963, 0.000000000), (0.000002233, 31.452800000), (0.000002044, 0.000000000), (0.000002228, 31.504000000), (0.000002089, 0.000000000), (0.000002240, 31.430400000), (0.000002006, 0.000000000), (0.000002120, 31.510400000), (0.000002115, 0.000000000), (0.000002127, 31.526400000), (0.000002014, 0.000000000), (0.000002106, 31.452800000), (0.000002041, 0.000000000), (0.000002032, 31.504000000), (0.000002077, 0.000000000), (0.000002085, 31.430400000), (0.000002054, 0.000000000), (0.000002129, 31.510400000), (0.000002028, 0.000000000), (0.000002216, 31.526400000), (0.000002012, 0.000000000), (0.000002150, 31.452800000), (0.000002000, 0.000000000)],
"worst_30":[(0.000002228, 31.459200000), (0.000002345, 0.000000000), (0.000002375, 31.475200000), (0.000002290, 0.000000000), (0.000002322, 31.520000000), (0.000002229, 0.000000000), (0.000002459, 31.513600000), (0.000002239, 0.000000000), (0.000002670, 31.532800000), (0.000002788, 0.000000000), (0.000002249, 31.459200000), (0.000002342, 0.000000000), (0.000002412, 31.475200000), (0.000002280, 0.000000000), (0.000002308, 31.520000000), (0.000002400, 0.000000000), (0.000002421, 31.513600000), (0.000002244, 0.000000000), (0.000002363, 31.532800000), (0.000002309, 0.000000000), (0.000002252, 31.459200000), (0.000002353, 0.000000000), (0.000002322, 31.475200000), (0.000002317, 0.000000000), (0.000002346, 31.520000000), (0.000002334, 0.000000000), (0.000002373, 31.513600000), (0.000002327, 0.000000000), (0.000002585, 31.532800000), (0.000002233, 0.000000000), (0.000002283, 31.459200000), (0.000002357, 0.000000000), (0.000002409, 31.475200000), (0.000002268, 0.000000000), (0.000002379, 31.520000000), (0.000002294, 0.000000000), (0.000002349, 31.513600000), (0.000002455, 0.000000000), (0.000002305, 31.532800000), (0.000002371, 0.000000000), (0.000002329, 31.459200000), (0.000002413, 0.000000000), (0.000002318, 31.475200000), (0.000002276, 0.000000000), (0.000002313, 31.520000000), (0.000002249, 0.000000000), (0.000002434, 31.513600000), (0.000002267, 0.000000000), (0.000002358, 31.532800000), (0.000002307, 0.000000000), (0.000002279, 31.459200000), (0.000002602, 0.000000000), (0.000002867, 31.475200000), (0.000002518, 0.000000000), (0.000002390, 31.520000000), (0.000002233, 0.000000000), (0.000002338, 31.513600000), (0.000002496, 0.000000000), (0.000003439, 31.532800000), (0.000002993, 0.000000000), (0.000002416, 31.459200000), (0.000002529, 0.000000000), (0.000002276, 31.475200000), (0.000002301, 0.000000000), (0.000002367, 31.520000000), (0.000002242, 0.000000000), (0.000002377, 31.513600000), (0.000002710, 0.000000000), (0.000002764, 31.532800000), (0.000002801, 0.000000000), (0.000002441, 31.459200000), (0.000002347, 0.000000000), (0.000002321, 31.475200000), (0.000002320, 0.000000000), (0.000002406, 31.520000000), (0.000002327, 0.000000000), (0.000002519, 31.513600000), (0.000002307, 0.000000000), (0.000002440, 31.532800000), (0.000002248, 0.000000000), (0.000002342, 31.459200000), (0.000002389, 0.000000000), (0.000002362, 31.475200000), (0.000002280, 0.000000000), (0.000002424, 31.520000000), (0.000002300, 0.000000000), (0.000002514, 31.513600000), (0.000002287, 0.000000000), (0.000002368, 31.532800000), (0.000002266, 0.000000000), (0.000002388, 31.459200000), (0.000002392, 0.000000000), (0.000002317, 31.475200000), (0.000002271, 0.000000000), (0.000002373, 31.520000000), (0.000002271, 0.000000000), (0.000002420, 31.513600000), (0.000002328, 0.000000000), (0.000002502, 31.532800000), (0.000002917, 0.000000000)],
"worst_31":[(0.000002513, 31.478400000), (0.000002699, 0.000000000), (0.000002621, 31.568000000), (0.000002582, 0.000000000), (0.000002959, 31.523200000), (0.000003055, 0.000000000), (0.000002652, 31.536000000), (0.000002623, 0.000000000), (0.000002641, 31.516800000), (0.000002578, 0.000000000), (0.000002516, 31.478400000), (0.000002764, 0.000000000), (0.000002686, 31.568000000), (0.000002718, 0.000000000), (0.000002686, 31.523200000), (0.000002547, 0.000000000), (0.000002654, 31.536000000), (0.000002607, 0.000000000), (0.000002665, 31.516800000), (0.000002521, 0.000000000), (0.000002556, 31.478400000), (0.000002746, 0.000000000), (0.000002685, 31.568000000), (0.000002696, 0.000000000), (0.000002808, 31.523200000), (0.000002673, 0.000000000), (0.000002694, 31.536000000), (0.000002654, 0.000000000), (0.000002671, 31.516800000), (0.000002558, 0.000000000), (0.000002605, 31.478400000), (0.000003295, 0.000000000), (0.000003213, 31.568000000), (0.000002670, 0.000000000), (0.000002692, 31.523200000), (0.000002634, 0.000000000), (0.000002949, 31.536000000), (0.000002711, 0.000000000), (0.000002702, 31.516800000), (0.000002729, 0.000000000), (0.000002530, 31.478400000), (0.000002846, 0.000000000), (0.000002655, 31.568000000), (0.000002787, 0.000000000), (0.000002808, 31.523200000), (0.000002602, 0.000000000), (0.000002668, 31.536000000), (0.000002621, 0.000000000), (0.000002662, 31.516800000), (0.000002807, 0.000000000), (0.000002550, 31.478400000), (0.000002800, 0.000000000), (0.000002684, 31.568000000), (0.000002701, 0.000000000), (0.000002853, 31.523200000), (0.000002685, 0.000000000), (0.000002864, 31.536000000), (0.000002660, 0.000000000), (0.000002774, 31.516800000), (0.000002569, 0.000000000), (0.000002546, 31.478400000), (0.000002739, 0.000000000), (0.000002643, 31.568000000), (0.000002623, 0.000000000), (0.000002698, 31.523200000), (0.000002679, 0.000000000), (0.000002730, 31.536000000), (0.000002758, 0.000000000), (0.000002779, 31.516800000), (0.000002621, 0.000000000), (0.000002568, 31.478400000), (0.000002697, 0.000000000), (0.000002685, 31.568000000), (0.000002922, 0.000000000), (0.000002727, 31.523200000), (0.000002582, 0.000000000), (0.000002668, 31.536000000), (0.000002597, 0.000000000), (0.000002728, 31.516800000), (0.000002607, 0.000000000), (0.000002573, 31.478400000), (0.000002737, 0.000000000), (0.000002649, 31.568000000), (0.000002606, 0.000000000), (0.000002716, 31.523200000), (0.000002700, 0.000000000), (0.000002814, 31.536000000), (0.000002640, 0.000000000), (0.000002855, 31.516800000), (0.000002574, 0.000000000), (0.000002650, 31.478400000), (0.000002844, 0.000000000), (0.000002751, 31.568000000), (0.000002686, 0.000000000), (0.000002739, 31.523200000), (0.000002665, 0.000000000), (0.000002689, 31.536000000), (0.000002607, 0.000000000), (0.000002695, 31.516800000), (0.000002704, 0.000000000)],
"worst_32":[(0.000003337, 31.504000000), (0.000003556, 0.000000000), (0.000003118, 31.468800000), (0.000003190, 0.000000000), (0.000003390, 31.494400000), (0.000002998, 0.000000000), (0.000003076, 31.465600000), (0.000003053, 0.000000000), (0.000003187, 31.536000000), (0.000002963, 0.000000000), (0.000002904, 31.504000000), (0.000003146, 0.000000000), (0.000003038, 31.468800000), (0.000003047, 0.000000000), (0.000003204, 31.494400000), (0.000003005, 0.000000000), (0.000003115, 31.465600000), (0.000003002, 0.000000000), (0.000003263, 31.536000000), (0.000003031, 0.000000000), (0.000003195, 31.504000000), (0.000003751, 0.000000000), (0.000003689, 31.468800000), (0.000003344, 0.000000000), (0.000003072, 31.494400000), (0.000003073, 0.000000000), (0.000003184, 31.465600000), (0.000003088, 0.000000000), (0.000003253, 31.536000000), (0.000002992, 0.000000000), (0.000002848, 31.504000000), (0.000003321, 0.000000000), (0.000003198, 31.468800000), (0.000003120, 0.000000000), (0.000003061, 31.494400000), (0.000003048, 0.000000000), (0.000003056, 31.465600000), (0.000002961, 0.000000000), (0.000003076, 31.536000000), (0.000002991, 0.000000000), (0.000002929, 31.504000000), (0.000003147, 0.000000000), (0.000003312, 31.468800000), (0.000003321, 0.000000000), (0.000003401, 31.494400000), (0.000003375, 0.000000000), (0.000003677, 31.465600000), (0.000003230, 0.000000000), (0.000003311, 31.536000000), (0.000003159, 0.000000000), (0.000003098, 31.504000000), (0.000003725, 0.000000000), (0.000003774, 31.468800000), (0.000003466, 0.000000000), (0.000003395, 31.494400000), (0.000003074, 0.000000000), (0.000003201, 31.465600000), (0.000003137, 0.000000000), (0.000003135, 31.536000000), (0.000003287, 0.000000000), (0.000003079, 31.504000000), (0.000003135, 0.000000000), (0.000003170, 31.468800000), (0.000003036, 0.000000000), (0.000003184, 31.494400000), (0.000002979, 0.000000000), (0.000003010, 31.465600000), (0.000002919, 0.000000000), (0.000003284, 31.536000000), (0.000003089, 0.000000000), (0.000002854, 31.504000000), (0.000003195, 0.000000000), (0.000003059, 31.468800000), (0.000003131, 0.000000000), (0.000003088, 31.494400000), (0.000003148, 0.000000000), (0.000003039, 31.465600000), (0.000003048, 0.000000000), (0.000003076, 31.536000000), (0.000002947, 0.000000000), (0.000002890, 31.504000000), (0.000003133, 0.000000000), (0.000003129, 31.468800000), (0.000003538, 0.000000000), (0.000004097, 31.494400000), (0.000003784, 0.000000000), (0.000003163, 31.465600000), (0.000003087, 0.000000000), (0.000003141, 31.536000000), (0.000002964, 0.000000000), (0.000003008, 31.504000000), (0.000003134, 0.000000000), (0.000003039, 31.468800000), (0.000003098, 0.000000000), (0.000003062, 31.494400000), (0.000003019, 0.000000000), (0.000003110, 31.465600000), (0.000003132, 0.000000000), (0.000003150, 31.536000000), (0.000003049, 0.000000000)],
"worst_33":[(0.000003756, 31.507200000), (0.000004412, 0.000000000), (0.000003736, 31.462400000), (0.000003554, 0.000000000), (0.000003780, 31.456000000), (0.000003522, 0.000000000), (0.000003755, 31.532800000), (0.000003596, 0.000000000), (0.000003485, 31.484800000), (0.000003414, 0.000000000), (0.000003340, 31.507200000), (0.000003747, 0.000000000), (0.000003547, 31.462400000), (0.000003603, 0.000000000), (0.000003509, 31.456000000), (0.000003601, 0.000000000), (0.000003488, 31.532800000), (0.000003533, 0.000000000), (0.000003516, 31.484800000), (0.000003438, 0.000000000), (0.000003264, 31.507200000), (0.000003683, 0.000000000), (0.000003585, 31.462400000), (0.000003478, 0.000000000), (0.000003465, 31.456000000), (0.000003448, 0.000000000), (0.000003514, 31.532800000), (0.000003400, 0.000000000), (0.000003612, 31.484800000), (0.000003455, 0.000000000), (0.000003383, 31.507200000), (0.000003839, 0.000000000), (0.000003658, 31.462400000), (0.000003725, 0.000000000), (0.000003836, 31.456000000), (0.000003794, 0.000000000), (0.000003875, 31.532800000), (0.000003784, 0.000000000), (0.000003854, 31.484800000), (0.000003719, 0.000000000), (0.000003287, 31.507200000), (0.000003595, 0.000000000), (0.000003491, 31.462400000), (0.000003644, 0.000000000), (0.000003746, 31.456000000), (0.000003380, 0.000000000), (0.000003662, 31.532800000), (0.000003533, 0.000000000), (0.000003487, 31.484800000), (0.000003710, 0.000000000), (0.000004128, 31.507200000), (0.000004348, 0.000000000), (0.000004536, 31.462400000), (0.000004627, 0.000000000), (0.000003885, 31.456000000), (0.000003756, 0.000000000), (0.000003658, 31.532800000), (0.000003612, 0.000000000), (0.000003577, 31.484800000), (0.000003515, 0.000000000), (0.000003487, 31.507200000), (0.000004007, 0.000000000), (0.000003592, 31.462400000), (0.000003561, 0.000000000), (0.000003753, 31.456000000), (0.000003524, 0.000000000), (0.000003534, 31.532800000), (0.000003668, 0.000000000), (0.000003860, 31.484800000), (0.000003616, 0.000000000), (0.000003389, 31.507200000), (0.000004329, 0.000000000), (0.000003806, 31.462400000), (0.000003505, 0.000000000), (0.000003417, 31.456000000), (0.000003485, 0.000000000), (0.000003521, 31.532800000), (0.000003469, 0.000000000), (0.000003578, 31.484800000), (0.000003977, 0.000000000), (0.000003390, 31.507200000), (0.000003698, 0.000000000), (0.000003645, 31.462400000), (0.000003573, 0.000000000), (0.000003498, 31.456000000), (0.000003475, 0.000000000), (0.000005468, 31.532800000), (0.000003575, 0.000000000), (0.000003669, 31.484800000), (0.000003626, 0.000000000), (0.000003430, 31.507200000), (0.000004186, 0.000000000), (0.000004197, 31.462400000), (0.000003579, 0.000000000), (0.000003570, 31.456000000), (0.000003665, 0.000000000), (0.000003623, 31.532800000), (0.000003725, 0.000000000), (0.000003762, 31.484800000), (0.000004080, 0.000000000)],
"worst_34":[(0.000004930, 31.436800000), (0.000004510, 0.000000000), (0.000004102, 31.484800000), (0.000004071, 0.000000000), (0.000004580, 31.446400000), (0.000004306, 0.000000000), (0.000004094, 31.468800000), (0.000003938, 0.000000000), (0.000004512, 31.516800000), (0.000004656, 0.000000000), (0.000004202, 31.436800000), (0.000004867, 0.000000000), (0.000004394, 31.484800000), (0.000004357, 0.000000000), (0.000005660, 31.446400000), (0.000007104, 0.000000000), (0.000006219, 31.468800000), (0.000006012, 0.000000000), (0.000007197, 31.516800000), (0.000005011, 0.000000000), (0.000004491, 31.436800000), (0.000004717, 0.000000000), (0.000004710, 31.484800000), (0.000004105, 0.000000000), (0.000004090, 31.446400000), (0.000005056, 0.000000000), (0.000004572, 31.468800000), (0.000004043, 0.000000000), (0.000004108, 31.516800000), (0.000004022, 0.000000000), (0.000004790, 31.436800000), (0.000005428, 0.000000000), (0.000004480, 31.484800000), (0.000004383, 0.000000000), (0.000004144, 31.446400000), (0.000004029, 0.000000000), (0.000004348, 31.468800000), (0.000004035, 0.000000000), (0.000004291, 31.516800000), (0.000004734, 0.000000000), (0.000004033, 31.436800000), (0.000004106, 0.000000000), (0.000004253, 31.484800000), (0.000004002, 0.000000000), (0.000004131, 31.446400000), (0.000004033, 0.000000000), (0.000003965, 31.468800000), (0.000003909, 0.000000000), (0.000004136, 31.516800000), (0.000003965, 0.000000000), (0.000003701, 31.436800000), (0.000004238, 0.000000000), (0.000004177, 31.484800000), (0.000004070, 0.000000000), (0.000004049, 31.446400000), (0.000003970, 0.000000000), (0.000004044, 31.468800000), (0.000004098, 0.000000000), (0.000004090, 31.516800000), (0.000004081, 0.000000000), (0.000003746, 31.436800000), (0.000004353, 0.000000000), (0.000004048, 31.484800000), (0.000003947, 0.000000000), (0.000004074, 31.446400000), (0.000003943, 0.000000000), (0.000003995, 31.468800000), (0.000003915, 0.000000000), (0.000003943, 31.516800000), (0.000003919, 0.000000000), (0.000003876, 31.436800000), (0.000004222, 0.000000000), (0.000004118, 31.484800000), (0.000004033, 0.000000000), (0.000004057, 31.446400000), (0.000003923, 0.000000000), (0.000004091, 31.468800000), (0.000004148, 0.000000000), (0.000003993, 31.516800000), (0.000003998, 0.000000000), (0.000003775, 31.436800000), (0.000004131, 0.000000000), (0.000004110, 31.484800000), (0.000004141, 0.000000000), (0.000004021, 31.446400000), (0.000003986, 0.000000000), (0.000004155, 31.468800000), (0.000004087, 0.000000000), (0.000004132, 31.516800000), (0.000003910, 0.000000000), (0.000003847, 31.436800000), (0.000004136, 0.000000000), (0.000003998, 31.484800000), (0.000004269, 0.000000000), (0.000004012, 31.446400000), (0.000004176, 0.000000000), (0.000004653, 31.468800000), (0.000004532, 0.000000000), (0.000004235, 31.516800000), (0.000003918, 0.000000000)],
"worst_35":[(0.000004242, 31.478400000), (0.000004925, 0.000000000), (0.000004599, 31.526400000), (0.000004543, 0.000000000), (0.000004593, 31.520000000), (0.000004483, 0.000000000), (0.000004744, 31.475200000), (0.000004467, 0.000000000), (0.000004706, 31.488000000), (0.000005165, 0.000000000), (0.000004231, 31.478400000), (0.000004936, 0.000000000), (0.000005162, 31.526400000), (0.000005011, 0.000000000), (0.000004582, 31.520000000), (0.000004637, 0.000000000), (0.000004506, 31.475200000), (0.000004496, 0.000000000), (0.000004485, 31.488000000), (0.000004617, 0.000000000), (0.000004261, 31.478400000), (0.000004893, 0.000000000), (0.000004505, 31.526400000), (0.000004522, 0.000000000), (0.000004635, 31.520000000), (0.000004553, 0.000000000), (0.000004469, 31.475200000), (0.000004612, 0.000000000), (0.000004606, 31.488000000), (0.000004546, 0.000000000), (0.000004359, 31.478400000), (0.000004909, 0.000000000), (0.000004640, 31.526400000), (0.000004919, 0.000000000), (0.000010600, 31.520000000), (0.000006014, 0.000000000), (0.000004476, 31.475200000), (0.000005456, 0.000000000), (0.000004583, 31.488000000), (0.000004457, 0.000000000), (0.000004299, 31.478400000), (0.000004642, 0.000000000), (0.000004446, 31.526400000), (0.000004617, 0.000000000), (0.000004449, 31.520000000), (0.000004516, 0.000000000), (0.000004503, 31.475200000), (0.000004408, 0.000000000), (0.000004464, 31.488000000), (0.000004435, 0.000000000), (0.000004234, 31.478400000), (0.000004600, 0.000000000), (0.000004487, 31.526400000), (0.000004555, 0.000000000), (0.000004674, 31.520000000), (0.000004560, 0.000000000), (0.000004475, 31.475200000), (0.000004464, 0.000000000), (0.000004447, 31.488000000), (0.000004497, 0.000000000), (0.000004250, 31.478400000), (0.000004687, 0.000000000), (0.000004547, 31.526400000), (0.000004492, 0.000000000), (0.000004465, 31.520000000), (0.000004590, 0.000000000), (0.000004494, 31.475200000), (0.000004527, 0.000000000), (0.000004456, 31.488000000), (0.000004452, 0.000000000), (0.000004181, 31.478400000), (0.000004673, 0.000000000), (0.000004518, 31.526400000), (0.000004563, 0.000000000), (0.000004621, 31.520000000), (0.000004578, 0.000000000), (0.000004568, 31.475200000), (0.000004524, 0.000000000), (0.000005236, 31.488000000), (0.000004890, 0.000000000), (0.000004240, 31.478400000), (0.000004663, 0.000000000), (0.000005054, 31.526400000), (0.000005036, 0.000000000), (0.000004522, 31.520000000), (0.000004602, 0.000000000), (0.000004722, 31.475200000), (0.000004544, 0.000000000), (0.000004572, 31.488000000), (0.000004580, 0.000000000), (0.000004223, 31.478400000), (0.000004712, 0.000000000), (0.000004495, 31.526400000), (0.000004673, 0.000000000), (0.000004617, 31.520000000), (0.000004499, 0.000000000), (0.000004540, 31.475200000), (0.000004560, 0.000000000), (0.000004526, 31.488000000), (0.000004457, 0.000000000)],
