"best_15":[(0.000000933, 31.411200000), (0.000000706, 0.000000000), (0.000000959, 31.420800000), (0.000000869, 0.000000000), (0.000001105, 31.420800000), (0.000000704, 0.000000000), (0.000001441, 31.308800000), (0.000001005, 0.000000000), (0.000001696, 31.270400000), (0.000000970, 0.000000000), (0.000001591, 31.411200000), (0.000000620, 0.000000000), (0.000001690, 31.420800000), (0.000001412, 0.000000000), (0.000001865, 31.420800000), (0.000000742, 0.000000000), (0.000000997, 31.308800000), (0.000000808, 0.000000000), (0.000001052, 31.270400000), (0.000000993, 0.000000000), (0.000000709, 31.411200000), (0.000000697, 0.000000000), (0.000001098, 31.420800000), (0.000000959, 0.000000000), (0.000001074, 31.420800000), (0.000001140, 0.000000000), (0.000001286, 31.308800000), (0.000000830, 0.000000000), (0.000001039, 31.270400000), (0.000000732, 0.000000000), (0.000001027, 31.411200000), (0.000000746, 0.000000000), (0.000001149, 31.420800000), (0.000000765, 0.000000000), (0.000001190, 31.420800000), (0.000001317, 0.000000000), (0.000001244, 31.308800000), (0.000000911, 0.000000000), (0.000001858, 31.270400000), (0.000001405, 0.000000000), (0.000000798, 31.411200000), (0.000000804, 0.000000000), (0.000000926, 31.420800000), (0.000000841, 0.000000000), (0.000000985, 31.420800000), (0.000000981, 0.000000000), (0.000001262, 31.308800000), (0.000000794, 0.000000000), (0.000000940, 31.270400000), (0.000000908, 0.000000000), (0.000000938, 31.411200000), (0.000000698, 0.000000000), (0.000000961, 31.420800000), (0.000001152, 0.000000000), (0.000001095, 31.420800000), (0.000000901, 0.000000000), (0.000000985, 31.308800000), (0.000000839, 0.000000000), (0.000001239, 31.270400000), (0.000000901, 0.000000000), (0.000000866, 31.411200000), (0.000000760, 0.000000000), (0.000001133, 31.420800000), (0.000000713, 0.000000000), (0.000000903, 31.420800000), (0.000001064, 0.000000000), (0.000001222, 31.308800000), (0.000000891, 0.000000000), (0.000000975, 31.270400000), (0.000000863, 0.000000000), (0.000000851, 31.411200000), (0.000000615, 0.000000000), (0.000000905, 31.420800000), (0.000000780, 0.000000000), (0.000001236, 31.420800000), (0.000001160, 0.000000000), (0.000001349, 31.308800000), (0.000000994, 0.000000000), (0.000001284, 31.270400000), (0.000000799, 0.000000000), (0.000000894, 31.411200000), (0.000000684, 0.000000000), (0.000001207, 31.420800000), (0.000001311, 0.000000000), (0.000001118, 31.420800000), (0.000000807, 0.000000000), (0.000000971, 31.308800000), (0.000000799, 0.000000000), (0.000000994, 31.270400000), (0.000001033, 0.000000000), (0.000000818, 31.411200000), (0.000000705, 0.000000000), (0.000000961, 31.420800000), (0.000000745, 0.000000000), (0.000001159, 31.420800000), (0.000001278, 0.000000000), (0.000001103, 31.308800000), (0.000000839, 0.000000000), (0.000001227, 31.270400000), (0.000000837, 0.000000000)],
"best_16":[(0.000001031, 31.452800000), (0.000000785, 0.000000000), (0.000001167, 31.545600000), (0.000001133, 0.000000000), (0.000001234, 31.404800000), (0.000001070, 0.000000000), (0.000001936, 31.372800000), (0.000001577, 0.000000000), (0.000001662, 31.401600000), (0.000001498, 0.000000000), (0.000001121, 31.452800000), (0.000001130, 0.000000000), (0.000001414, 31.545600000), (0.000000806, 0.000000000), (0.000001539, 31.404800000), (0.000001218, 0.000000000), (0.000001099, 31.372800000), (0.000001103, 0.000000000), (0.000001241, 31.401600000), (0.000001100, 0.000000000), (0.000001405, 31.452800000), (0.000001734, 0.000000000), (0.000001722, 31.545600000), (0.000001024, 0.000000000), (0.000001909, 31.404800000), (0.000000877, 0.000000000), (0.000001148, 31.372800000), (0.000000852, 0.000000000), (0.000001239, 31.401600000), (0.000001114, 0.000000000), (0.000001053, 31.452800000), (0.000000812, 0.000000000), (0.000001045, 31.545600000), (0.000001218, 0.000000000), (0.000001203, 31.404800000), (0.000000997, 0.000000000), (0.000001443, 31.372800000), (0.000000886, 0.000000000), (0.000001258, 31.401600000), (0.000001176, 0.000000000), (0.000001014, 31.452800000), (0.000001098, 0.000000000), (0.000001293, 31.545600000), (0.000001136, 0.000000000), (0.000001262, 31.404800000), (0.000001211, 0.000000000), (0.000001383, 31.372800000), (0.000000949, 0.000000000), (0.000001290, 31.401600000), (0.000001080, 0.000000000), (0.000001143, 31.452800000), (0.000001141, 0.000000000), (0.000001807, 31.545600000), (0.000000895, 0.000000000), (0.000001933, 31.404800000), (0.000000932, 0.000000000), (0.000002117, 31.372800000), (0.000001601, 0.000000000), (0.000001271, 31.401600000), (0.000000923, 0.000000000), (0.000001124, 31.452800000), (0.000000917, 0.000000000), (0.000001422, 31.545600000), (0.000000919, 0.000000000), (0.000001449, 31.404800000), (0.000001457, 0.000000000), (0.000001519, 31.372800000), (0.000001264, 0.000000000), (0.000001207, 31.401600000), (0.000000957, 0.000000000), (0.000000948, 31.452800000), (0.000001097, 0.000000000), (0.000001545, 31.545600000), (0.000001216, 0.000000000), (0.000001088, 31.404800000), (0.000000956, 0.000000000), (0.000001599, 31.372800000), (0.000001207, 0.000000000), (0.000001368, 31.401600000), (0.000000931, 0.000000000), (0.000000970, 31.452800000), (0.000000968, 0.000000000), (0.000001043, 31.545600000), (0.000000778, 0.000000000), (0.000001252, 31.404800000), (0.000001454, 0.000000000), (0.000001347, 31.372800000), (0.000002542, 0.000000000), (0.000002174, 31.401600000), (0.000001698, 0.000000000), (0.000001409, 31.452800000), (0.000001053, 0.000000000), (0.000001449, 31.545600000), (0.000000865, 0.000000000), (0.000001171, 31.404800000), (0.000001116, 0.000000000), (0.000001425, 31.372800000), (0.000001663, 0.000000000), (0.000001230, 31.401600000), (0.000000844, 0.000000000)],
"best_17":[(0.000001141, 31.491200000), (0.000000999, 0.000000000), (0.000001146, 31.414400000), (0.000001497, 0.000000000), (0.000001271, 31.481600000), (0.000001033, 0.000000000), (0.000001307, 31.465600000), (0.000000961, 0.000000000), (0.000002176, 31.488000000), (0.000001501, 0.000000000), (0.000002095, 31.491200000), (0.000001074, 0.000000000), (0.000002418, 31.414400000), (0.000001846, 0.000000000), (0.000002895, 31.481600000), (0.000001033, 0.000000000), (0.000001769, 31.465600000), (0.000001394, 0.000000000), (0.000001667, 31.488000000), (0.000001436, 0.000000000), (0.000001755, 31.491200000), (0.000001254, 0.000000000), (0.000001648, 31.414400000), (0.000001322, 0.000000000), (0.000001990, 31.481600000), (0.000001475, 0.000000000), (0.000001921, 31.465600000), (0.000001332, 0.000000000), (0.000001645, 31.488000000), (0.000002531, 0.000000000), (0.000002011, 31.491200000), (0.000001392, 0.000000000), (0.000001571, 31.414400000), (0.000001234, 0.000000000), (0.000001773, 31.481600000), (0.000001382, 0.000000000), (0.000001760, 31.465600000), (0.000001606, 0.000000000), (0.000001801, 31.488000000), (0.000001081, 0.000000000), (0.000001230, 31.491200000), (0.000001053, 0.000000000), (0.000001224, 31.414400000), (0.000001026, 0.000000000), (0.000001656, 31.481600000), (0.000001001, 0.000000000), (0.000001269, 31.465600000), (0.000001165, 0.000000000), (0.000002063, 31.488000000), (0.000001833, 0.000000000), (0.000001651, 31.491200000), (0.000001147, 0.000000000), (0.000001559, 31.414400000), (0.000001423, 0.000000000), (0.000001373, 31.481600000), (0.000001132, 0.000000000), (0.000002097, 31.465600000), (0.000001415, 0.000000000), (0.000001285, 31.488000000), (0.000001093, 0.000000000), (0.000001152, 31.491200000), (0.000000926, 0.000000000), (0.000001114, 31.414400000), (0.000000895, 0.000000000), (0.000001472, 31.481600000), (0.000001125, 0.000000000), (0.000001787, 31.465600000), (0.000001222, 0.000000000), (0.000001446, 31.488000000), (0.000001341, 0.000000000), (0.000001641, 31.491200000), (0.000001673, 0.000000000), (0.000001424, 31.414400000), (0.000001475, 0.000000000), (0.000001599, 31.481600000), (0.000001406, 0.000000000), (0.000001283, 31.465600000), (0.000001032, 0.000000000), (0.000001911, 31.488000000), (0.000001424, 0.000000000), (0.000001339, 31.491200000), (0.000000949, 0.000000000), (0.000001222, 31.414400000), (0.000000962, 0.000000000), (0.000001394, 31.481600000), (0.000001310, 0.000000000), (0.000001377, 31.465600000), (0.000000991, 0.000000000), (0.000001201, 31.488000000), (0.000001208, 0.000000000), (0.000001258, 31.491200000), (0.000000964, 0.000000000), (0.000001653, 31.414400000), (0.000000932, 0.000000000), (0.000001433, 31.481600000), (0.000001319, 0.000000000), (0.000001789, 31.465600000), (0.000001201, 0.000000000), (0.000001375, 31.488000000), (0.000001054, 0.000000000)],
"best_18":[(0.000002033, 31.539200000), (0.000001096, 0.000000000), (0.000001687, 31.430400000), (0.000001077, 0.000000000), (0.000001675, 31.536000000), (0.000001688, 0.000000000), (0.000001488, 31.497600000), (0.000001679, 0.000000000), (0.000001990, 31.478400000), (0.000001137, 0.000000000), (0.000001602, 31.539200000), (0.000001435, 0.000000000), (0.000001304, 31.430400000), (0.000001011, 0.000000000), (0.000001246, 31.536000000), (0.000001058, 0.000000000), (0.000001549, 31.497600000), (0.000001664, 0.000000000), (0.000001484, 31.478400000), (0.000001866, 0.000000000), (0.000001344, 31.539200000), (0.000001207, 0.000000000), (0.000001675, 31.430400000), (0.000002050, 0.000000000), (0.000001884, 31.536000000), (0.000001415, 0.000000000), (0.000001548, 31.497600000), (0.000001454, 0.000000000), (0.000002288, 31.478400000), (0.000001192, 0.000000000), (0.000001271, 31.539200000), (0.000000969, 0.000000000), (0.000001517, 31.430400000), (0.000001210, 0.000000000), (0.000001391, 31.536000000), (0.000001056, 0.000000000), (0.000001547, 31.497600000), (0.000001568, 0.000000000), (0.000001807, 31.478400000), (0.000001331, 0.000000000), (0.000001263, 31.539200000), (0.000001091, 0.000000000), (0.000001860, 31.430400000), (0.000001863, 0.000000000), (0.000001591, 31.536000000), (0.000001472, 0.000000000), (0.000001608, 31.497600000), (0.000001305, 0.000000000), (0.000001500, 31.478400000), (0.000001385, 0.000000000), (0.000001569, 31.539200000), (0.000001221, 0.000000000), (0.000002089, 31.430400000), (0.000001000, 0.000000000), (0.000001544, 31.536000000), (0.000001801, 0.000000000), (0.000001567, 31.497600000), (0.000001670, 0.000000000), (0.000001435, 31.478400000), (0.000001230, 0.000000000), (0.000001388, 31.539200000), (0.000001495, 0.000000000), (0.000002403, 31.430400000), (0.000001304, 0.000000000), (0.000001922, 31.536000000), (0.000001853, 0.000000000), (0.000002567, 31.497600000), (0.000001494, 0.000000000), (0.000001996, 31.478400000), (0.000001600, 0.000000000), (0.000002034, 31.539200000), (0.000001365, 0.000000000), (0.000001486, 31.430400000), (0.000001434, 0.000000000), (0.000001444, 31.536000000), (0.000001268, 0.000000000), (0.000001403, 31.497600000), (0.000001102, 0.000000000), (0.000001564, 31.478400000), (0.000001946, 0.000000000), (0.000001773, 31.539200000), (0.000001142, 0.000000000), (0.000002607, 31.430400000), (0.000001297, 0.000000000), (0.000001897, 31.536000000), (0.000001173, 0.000000000), (0.000001664, 31.497600000), (0.000001204, 0.000000000), (0.000001362, 31.478400000), (0.000001887, 0.000000000), (0.000001911, 31.539200000), (0.000001217, 0.000000000), (0.000001931, 31.430400000), (0.000001522, 0.000000000), (0.000002184, 31.536000000), (0.000001417, 0.000000000), (0.000001949, 31.497600000), (0.000001300, 0.000000000), (0.000001826, 31.478400000), (0.000001468, 0.000000000)],
"best_19":[(0.000001915, 31.468800000), (0.000002022, 0.000000000), (0.000001656, 31.504000000), (0.000001701, 0.000000000), (0.000002014, 31.523200000), (0.000001453, 0.000000000), (0.000001920, 31.510400000), (0.000001332, 0.000000000), (0.000001675, 31.494400000), (0.000001768, 0.000000000), (0.000001550, 31.468800000), (0.000001449, 0.000000000), (0.000004109, 31.504000000), (0.000002065, 0.000000000), (0.000002396, 31.523200000), (0.000001453, 0.000000000), (0.000001872, 31.510400000), (0.000001752, 0.000000000), (0.000002148, 31.494400000), (0.000001532, 0.000000000), (0.000001806, 31.468800000), (0.000001334, 0.000000000), (0.000002238, 31.504000000), (0.000001373, 0.000000000), (0.000002306, 31.523200000), (0.000001398, 0.000000000), (0.000001750, 31.510400000), (0.000001316, 0.000000000), (0.000001861, 31.494400000), (0.000001678, 0.000000000), (0.000002289, 31.468800000), (0.000001243, 0.000000000), (0.000002397, 31.504000000), (0.000001630, 0.000000000), (0.000002192, 31.523200000), (0.000001489, 0.000000000), (0.000001637, 31.510400000), (0.000001467, 0.000000000), (0.000001861, 31.494400000), (0.000001511, 0.000000000), (0.000001707, 31.468800000), (0.000001186, 0.000000000), (0.000002746, 31.504000000), (0.000001248, 0.000000000), (0.000001722, 31.523200000), (0.000001706, 0.000000000), (0.000001484, 31.510400000), (0.000001363, 0.000000000), (0.000002269, 31.494400000), (0.000002394, 0.000000000), (0.000002255, 31.468800000), (0.000001156, 0.000000000), (0.000002206, 31.504000000), (0.000001541, 0.000000000), (0.000002303, 31.523200000), (0.000001397, 0.000000000), (0.000002632, 31.510400000), (0.000002048, 0.000000000), (0.000002035, 31.494400000), (0.000001767, 0.000000000), (0.000001557, 31.468800000), (0.000001208, 0.000000000), (0.000001799, 31.504000000), (0.000001334, 0.000000000), (0.000002295, 31.523200000), (0.000002082, 0.000000000), (0.000003293, 31.510400000), (0.000001949, 0.000000000), (0.000002338, 31.494400000), (0.000001638, 0.000000000), (0.000001640, 31.468800000), (0.000001299, 0.000000000), (0.000001842, 31.504000000), (0.000001430, 0.000000000), (0.000002032, 31.523200000), (0.000001237, 0.000000000), (0.000002053, 31.510400000), (0.000001329, 0.000000000), (0.000001893, 31.494400000), (0.000001529, 0.000000000), (0.000001639, 31.468800000), (0.000001981, 0.000000000), (0.000001778, 31.504000000), (0.000001787, 0.000000000), (0.000002201, 31.523200000), (0.000001581, 0.000000000), (0.000002070, 31.510400000), (0.000001332, 0.000000000), (0.000002371, 31.494400000), (0.000002101, 0.000000000), (0.000002425, 31.468800000), (0.000001549, 0.000000000), (0.000001787, 31.504000000), (0.000001771, 0.000000000), (0.000002187, 31.523200000), (0.000001467, 0.000000000), (0.000002228, 31.510400000), (0.000001563, 0.000000000), (0.000001910, 31.494400000), (0.000001432, 0.000000000)],
"best_20":[(0.000003601, 31.468800000), (0.000001836, 0.000000000), (0.000002236, 31.379200000), (0.000001456, 0.000000000), (0.000004365, 31.539200000), (0.000001836, 0.000000000), (0.000001858, 31.443200000), (0.000002018, 0.000000000), (0.000002570, 31.536000000), (0.000001436, 0.000000000), (0.000002147, 31.468800000), (0.000001770, 0.000000000), (0.000001918, 31.379200000), (0.000002277, 0.000000000), (0.000001883, 31.539200000), (0.000002164, 0.000000000), (0.000002149, 31.443200000), (0.000001749, 0.000000000), (0.000002769, 31.536000000), (0.000002459, 0.000000000), (0.000002009, 31.468800000), (0.000002374, 0.000000000), (0.000002468, 31.379200000), (0.000002738, 0.000000000), (0.000002230, 31.539200000), (0.000002134, 0.000000000), (0.000002775, 31.443200000), (0.000002202, 0.000000000), (0.000003506, 31.536000000), (0.000002484, 0.000000000), (0.000003494, 31.468800000), (0.000001741, 0.000000000), (0.000003669, 31.379200000), (0.000002236, 0.000000000), (0.000002614, 31.539200000), (0.000001795, 0.000000000), (0.000002402, 31.443200000), (0.000001397, 0.000000000), (0.000001911, 31.536000000), (0.000001895, 0.000000000), (0.000001914, 31.468800000), (0.000001482, 0.000000000), (0.000001970, 31.379200000), (0.000001446, 0.000000000), (0.000001811, 31.539200000), (0.000001590, 0.000000000), (0.000001998, 31.443200000), (0.000001780, 0.000000000), (0.000002754, 31.536000000), (0.000001398, 0.000000000), (0.000002514, 31.468800000), (0.000001418, 0.000000000), (0.000002319, 31.379200000), (0.000001461, 0.000000000), (0.000001704, 31.539200000), (0.000001387, 0.000000000), (0.000001688, 31.443200000), (0.000002100, 0.000000000), (0.000002343, 31.536000000), (0.000001691, 0.000000000), (0.000001827, 31.468800000), (0.000001400, 0.000000000), (0.000002780, 31.379200000), (0.000001582, 0.000000000), (0.000001923, 31.539200000), (0.000001574, 0.000000000), (0.000001801, 31.443200000), (0.000001613, 0.000000000), (0.000001936, 31.536000000), (0.000002002, 0.000000000), (0.000001688, 31.468800000), (0.000001695, 0.000000000), (0.000002182, 31.379200000), (0.000001404, 0.000000000), (0.000002288, 31.539200000), (0.000001498, 0.000000000), (0.000002750, 31.443200000), (0.000001507, 0.000000000), (0.000001799, 31.536000000), (0.000001378, 0.000000000), (0.000001882, 31.468800000), (0.000001858, 0.000000000), (0.000003417, 31.379200000), (0.000001964, 0.000000000), (0.000003619, 31.539200000), (0.000002211, 0.000000000), (0.000002173, 31.443200000), (0.000001420, 0.000000000), (0.000002207, 31.536000000), (0.000001739, 0.000000000), (0.000001861, 31.468800000), (0.000001942, 0.000000000), (0.000001891, 31.379200000), (0.000001346, 0.000000000), (0.000001734, 31.539200000), (0.000001290, 0.000000000), (0.000001776, 31.443200000), (0.000001647, 0.000000000), (0.000001726, 31.536000000), (0.000001454, 0.000000000)],
"best_21":[(0.000002206, 31.507200000), (0.000001598, 0.000000000), (0.000002061, 31.484800000), (0.000001754, 0.000000000), (0.000002128, 31.491200000), (0.000001941, 0.000000000), (0.000002230, 31.513600000), (0.000001836, 0.000000000), (0.000002216, 31.456000000), (0.000002012, 0.000000000), (0.000002019, 31.507200000), (0.000001491, 0.000000000), (0.000001969, 31.484800000), (0.000001771, 0.000000000), (0.000002136, 31.491200000), (0.000002272, 0.000000000), (0.000002065, 31.513600000), (0.000001605, 0.000000000), (0.000002253, 31.456000000), (0.000001566, 0.000000000), (0.000002038, 31.507200000), (0.000001593, 0.000000000), (0.000001911, 31.484800000), (0.000001528, 0.000000000), (0.000002407, 31.491200000), (0.000001867, 0.000000000), (0.000002546, 31.513600000), (0.000002395, 0.000000000), (0.000003206, 31.456000000), (0.000001882, 0.000000000), (0.000002271, 31.507200000), (0.000001455, 0.000000000), (0.000002080, 31.484800000), (0.000001590, 0.000000000), (0.000002852, 31.491200000), (0.000002085, 0.000000000), (0.000002072, 31.513600000), (0.000002238, 0.000000000), (0.000004736, 31.456000000), (0.000003322, 0.000000000), (0.000002801, 31.507200000), (0.000002426, 0.000000000), (0.000004124, 31.484800000), (0.000002454, 0.000000000), (0.000003959, 31.491200000), (0.000003395, 0.000000000), (0.000003994, 31.513600000), (0.000002186, 0.000000000), (0.000003838, 31.456000000), (0.000002166, 0.000000000), (0.000003399, 31.507200000), (0.000002210, 0.000000000), (0.000003978, 31.484800000), (0.000002570, 0.000000000), (0.000003425, 31.491200000), (0.000002235, 0.000000000), (0.000003560, 31.513600000), (0.000002654, 0.000000000), (0.000003810, 31.456000000), (0.000002014, 0.000000000), (0.000002346, 31.507200000), (0.000001947, 0.000000000), (0.000002005, 31.484800000), (0.000001621, 0.000000000), (0.000002024, 31.491200000), (0.000001834, 0.000000000), (0.000002299, 31.513600000), (0.000001775, 0.000000000), (0.000002345, 31.456000000), (0.000001620, 0.000000000), (0.000001754, 31.507200000), (0.000001333, 0.000000000), (0.000001611, 31.484800000), (0.000001387, 0.000000000), (0.000001819, 31.491200000), (0.000001376, 0.000000000), (0.000001655, 31.513600000), (0.000001196, 0.000000000), (0.000001704, 31.456000000), (0.000001407, 0.000000000), (0.000001587, 31.507200000), (0.000001413, 0.000000000), (0.000002125, 31.484800000), (0.000001279, 0.000000000), (0.000002430, 31.491200000), (0.000002259, 0.000000000), (0.000002124, 31.513600000), (0.000001630, 0.000000000), (0.000002187, 31.456000000), (0.000001665, 0.000000000), (0.000003099, 31.507200000), (0.000002062, 0.000000000), (0.000002218, 31.484800000), (0.000001563, 0.000000000), (0.000002214, 31.491200000), (0.000001633, 0.000000000), (0.000002457, 31.513600000), (0.000001755, 0.000000000), (0.000002255, 31.456000000), (0.000001695, 0.000000000)],
"best_22":[(0.000003582, 31.507200000), (0.000002589, 0.000000000), (0.000003314, 31.484800000), (0.000002298, 0.000000000), (0.000002953, 31.542400000), (0.000002260, 0.000000000), (0.000002497, 31.481600000), (0.000002003, 0.000000000), (0.000002896, 31.468800000), (0.000002048, 0.000000000), (0.000002189, 31.507200000), (0.000001646, 0.000000000), (0.000002218, 31.484800000), (0.000001556, 0.000000000), (0.000002004, 31.542400000), (0.000001431, 0.000000000), (0.000001888, 31.481600000), (0.000001442, 0.000000000), (0.000001931, 31.468800000), (0.000001544, 0.000000000), (0.000001904, 31.507200000), (0.000001510, 0.000000000), (0.000001880, 31.484800000), (0.000001452, 0.000000000), (0.000002056, 31.542400000), (0.000001340, 0.000000000), (0.000001526, 31.481600000), (0.000001184, 0.000000000), (0.000001502, 31.468800000), (0.000001190, 0.000000000), (0.000001900, 31.507200000), (0.000001183, 0.000000000), (0.000001646, 31.484800000), (0.000001158, 0.000000000), (0.000001505, 31.542400000), (0.000001147, 0.000000000), (0.000001787, 31.481600000), (0.000001217, 0.000000000), (0.000001552, 31.468800000), (0.000001165, 0.000000000), (0.000001688, 31.507200000), (0.000001171, 0.000000000), (0.000001804, 31.484800000), (0.000001347, 0.000000000), (0.000001771, 31.542400000), (0.000001244, 0.000000000), (0.000001566, 31.481600000), (0.000001180, 0.000000000), (0.000001628, 31.468800000), (0.000001226, 0.000000000), (0.000001571, 31.507200000), (0.000001213, 0.000000000), (0.000001544, 31.484800000), (0.000001174, 0.000000000), (0.000001743, 31.542400000), (0.000001160, 0.000000000), (0.000001518, 31.481600000), (0.000001173, 0.000000000), (0.000001512, 31.468800000), (0.000001322, 0.000000000), (0.000001623, 31.507200000), (0.000001290, 0.000000000), (0.000001532, 31.484800000), (0.000001152, 0.000000000), (0.000001545, 31.542400000), (0.000001373, 0.000000000), (0.000001505, 31.481600000), (0.000001174, 0.000000000), (0.000001518, 31.468800000), (0.000001176, 0.000000000), (0.000001617, 31.507200000), (0.000001286, 0.000000000), (0.000001552, 31.484800000), (0.000001192, 0.000000000), (0.000001502, 31.542400000), (0.000001173, 0.000000000), (0.000001536, 31.481600000), (0.000001333, 0.000000000), (0.000001477, 31.468800000), (0.000001216, 0.000000000), (0.000001570, 31.507200000), (0.000001184, 0.000000000), (0.000001562, 31.484800000), (0.000001418, 0.000000000), (0.000001603, 31.542400000), (0.000001150, 0.000000000), (0.000001533, 31.481600000), (0.000001201, 0.000000000), (0.000001789, 31.468800000), (0.000001242, 0.000000000), (0.000001539, 31.507200000), (0.000001153, 0.000000000), (0.000001527, 31.484800000), (0.000001128, 0.000000000), (0.000001560, 31.542400000), (0.000001185, 0.000000000), (0.000001617, 31.481600000), (0.000001143, 0.000000000), (0.000001610, 31.468800000), (0.000001351, 0.000000000)],
"best_23":[(0.000002516, 31.494400000), (0.000001843, 0.000000000), (0.000002930, 31.459200000), (0.000001960, 0.000000000), (0.000002711, 31.420800000), (0.000002063, 0.000000000), (0.000002674, 31.532800000), (0.000001863, 0.000000000), (0.000002488, 31.446400000), (0.000001788, 0.000000000), (0.000002033, 31.494400000), (0.000001403, 0.000000000), (0.000001923, 31.459200000), (0.000001509, 0.000000000), (0.000001951, 31.420800000), (0.000001501, 0.000000000), (0.000001864, 31.532800000), (0.000001401, 0.000000000), (0.000001866, 31.446400000), (0.000001444, 0.000000000), (0.000002051, 31.494400000), (0.000001407, 0.000000000), (0.000001990, 31.459200000), (0.000001464, 0.000000000), (0.000001954, 31.420800000), (0.000001406, 0.000000000), (0.000001960, 31.532800000), (0.000001435, 0.000000000), (0.000001863, 31.446400000), (0.000001447, 0.000000000), (0.000002406, 31.494400000), (0.000001994, 0.000000000), (0.000002282, 31.459200000), (0.000001422, 0.000000000), (0.000001905, 31.420800000), (0.000001450, 0.000000000), (0.000001877, 31.532800000), (0.000001396, 0.000000000), (0.000001864, 31.446400000), (0.000001414, 0.000000000), (0.000001886, 31.494400000), (0.000001527, 0.000000000), (0.000002165, 31.459200000), (0.000001662, 0.000000000), (0.000002171, 31.420800000), (0.000001577, 0.000000000), (0.000002274, 31.532800000), (0.000002009, 0.000000000), (0.000002151, 31.446400000), (0.000001409, 0.000000000), (0.000001967, 31.494400000), (0.000001474, 0.000000000), (0.000002007, 31.459200000), (0.000001532, 0.000000000), (0.000002039, 31.420800000), (0.000001455, 0.000000000), (0.000001951, 31.532800000), (0.000001474, 0.000000000), (0.000002118, 31.446400000), (0.000001575, 0.000000000), (0.000002041, 31.494400000), (0.000001423, 0.000000000), (0.000002084, 31.459200000), (0.000001537, 0.000000000), (0.000001932, 31.420800000), (0.000001503, 0.000000000), (0.000001941, 31.532800000), (0.000001635, 0.000000000), (0.000001933, 31.446400000), (0.000001386, 0.000000000), (0.000001999, 31.494400000), (0.000001592, 0.000000000), (0.000002036, 31.459200000), (0.000002356, 0.000000000), (0.000002585, 31.420800000), (0.000001602, 0.000000000), (0.000002075, 31.532800000), (0.000001531, 0.000000000), (0.000002106, 31.446400000), (0.000001491, 0.000000000), (0.000001813, 31.494400000), (0.000001374, 0.000000000), (0.000001915, 31.459200000), (0.000001558, 0.000000000), (0.000001903, 31.420800000), (0.000001372, 0.000000000), (0.000001844, 31.532800000), (0.000001429, 0.000000000), (0.000001954, 31.446400000), (0.000001509, 0.000000000), (0.000001927, 31.494400000), (0.000001605, 0.000000000), (0.000002033, 31.459200000), (0.000001452, 0.000000000), (0.000001819, 31.420800000), (0.000001382, 0.000000000), (0.000002007, 31.532800000), (0.000001405, 0.000000000), (0.000001848, 31.446400000), (0.000001409, 0.000000000)],
"best_24":[(0.000002407, 31.472000000), (0.000001697, 0.000000000), (0.000002398, 31.459200000), (0.000001824, 0.000000000), (0.000002322, 31.526400000), (0.000001819, 0.000000000), (0.000002368, 31.456000000), (0.000001708, 0.000000000), (0.000002354, 31.577600000), (0.000001761, 0.000000000), (0.000002548, 31.472000000), (0.000001828, 0.000000000), (0.000002351, 31.459200000), (0.000001852, 0.000000000), (0.000002614, 31.526400000), (0.000002265, 0.000000000), (0.000002965, 31.456000000), (0.000002458, 0.000000000), (0.000002469, 31.577600000), (0.000001770, 0.000000000), (0.000002106, 31.472000000), (0.000001718, 0.000000000), (0.000002327, 31.459200000), (0.000001850, 0.000000000), (0.000002264, 31.526400000), (0.000001624, 0.000000000), (0.000002212, 31.456000000), (0.000001848, 0.000000000), (0.000002228, 31.577600000), (0.000001693, 0.000000000), (0.000002698, 31.472000000), (0.000001892, 0.000000000), (0.000002297, 31.459200000), (0.000001688, 0.000000000), (0.000002259, 31.526400000), (0.000001812, 0.000000000), (0.000002289, 31.456000000), (0.000001740, 0.000000000), (0.000002199, 31.577600000), (0.000001605, 0.000000000), (0.000002238, 31.472000000), (0.000001684, 0.000000000), (0.000002424, 31.459200000), (0.000001953, 0.000000000), (0.000002325, 31.526400000), (0.000001729, 0.000000000), (0.000002258, 31.456000000), (0.000001767, 0.000000000), (0.000002275, 31.577600000), (0.000001693, 0.000000000), (0.000002283, 31.472000000), (0.000001597, 0.000000000), (0.000002190, 31.459200000), (0.000001594, 0.000000000), (0.000002278, 31.526400000), (0.000001753, 0.000000000), (0.000002178, 31.456000000), (0.000001594, 0.000000000), (0.000002148, 31.577600000), (0.000001728, 0.000000000), (0.000001977, 31.472000000), (0.000001534, 0.000000000), (0.000002193, 31.459200000), (0.000001535, 0.000000000), (0.000002178, 31.526400000), (0.000001495, 0.000000000), (0.000002265, 31.456000000), (0.000001577, 0.000000000), (0.000002089, 31.577600000), (0.000001592, 0.000000000), (0.000002050, 31.472000000), (0.000001521, 0.000000000), (0.000002154, 31.459200000), (0.000001522, 0.000000000), (0.000002234, 31.526400000), (0.000001512, 0.000000000), (0.000002161, 31.456000000), (0.000001532, 0.000000000), (0.000002063, 31.577600000), (0.000001557, 0.000000000), (0.000002013, 31.472000000), (0.000001553, 0.000000000), (0.000002168, 31.459200000), (0.000001586, 0.000000000), (0.000002134, 31.526400000), (0.000001555, 0.000000000), (0.000002107, 31.456000000), (0.000001550, 0.000000000), (0.000002101, 31.577600000), (0.000001645, 0.000000000), (0.000002177, 31.472000000), (0.000001676, 0.000000000), (0.000002267, 31.459200000), (0.000001691, 0.000000000), (0.000002467, 31.526400000), (0.000001758, 0.000000000), (0.000002236, 31.456000000), (0.000001637, 0.000000000), (0.000002376, 31.577600000), (0.000001673, 0.000000000)],
"best_25":[(0.000010788, 31.561600000), (0.000005336, 0.000000000), (0.000008444, 31.481600000), (0.000004248, 0.000000000), (0.000006383, 31.494400000), (0.000004354, 0.000000000), (0.000006833, 31.475200000), (0.000004474, 0.000000000), (0.000006365, 31.523200000), (0.000004458, 0.000000000), (0.000002507, 31.561600000), (0.000001888, 0.000000000), (0.000002674, 31.481600000), (0.000001936, 0.000000000), (0.000002650, 31.494400000), (0.000001928, 0.000000000), (0.000002597, 31.475200000), (0.000001966, 0.000000000), (0.000002532, 31.523200000), (0.000001899, 0.000000000), (0.000002369, 31.561600000), (0.000001781, 0.000000000), (0.000002557, 31.481600000), (0.000001805, 0.000000000), (0.000002498, 31.494400000), (0.000001801, 0.000000000), (0.000002525, 31.475200000), (0.000001779, 0.000000000), (0.000002469, 31.523200000), (0.000001838, 0.000000000), (0.000002490, 31.561600000), (0.000001873, 0.000000000), (0.000002573, 31.481600000), (0.000001805, 0.000000000), (0.000002510, 31.494400000), (0.000001881, 0.000000000), (0.000002589, 31.475200000), (0.000001821, 0.000000000), (0.000002514, 31.523200000), (0.000001927, 0.000000000), (0.000005015, 31.561600000), (0.000002832, 0.000000000), (0.000003922, 31.481600000), (0.000002678, 0.000000000), (0.000003506, 31.494400000), (0.000002518, 0.000000000), (0.000003374, 31.475200000), (0.000002418, 0.000000000), (0.000003306, 31.523200000), (0.000002448, 0.000000000), (0.000002725, 31.561600000), (0.000001941, 0.000000000), (0.000002819, 31.481600000), (0.000001906, 0.000000000), (0.000002660, 31.494400000), (0.000001944, 0.000000000), (0.000002622, 31.475200000), (0.000001961, 0.000000000), (0.000002598, 31.523200000), (0.000001906, 0.000000000), (0.000002430, 31.561600000), (0.000001846, 0.000000000), (0.000002648, 31.481600000), (0.000001848, 0.000000000), (0.000002534, 31.494400000), (0.000001825, 0.000000000), (0.000002827, 31.475200000), (0.000002058, 0.000000000), (0.000004073, 31.523200000), (0.000003344, 0.000000000), (0.000003757, 31.561600000), (0.000002433, 0.000000000), (0.000003337, 31.481600000), (0.000002354, 0.000000000), (0.000003051, 31.494400000), (0.000002244, 0.000000000), (0.000002887, 31.475200000), (0.000002143, 0.000000000), (0.000002947, 31.523200000), (0.000002126, 0.000000000), (0.000002509, 31.561600000), (0.000001876, 0.000000000), (0.000002665, 31.481600000), (0.000002061, 0.000000000), (0.000002496, 31.494400000), (0.000001839, 0.000000000), (0.000002544, 31.475200000), (0.000001845, 0.000000000), (0.000002453, 31.523200000), (0.000001890, 0.000000000), (0.000002333, 31.561600000), (0.000001760, 0.000000000), (0.000002495, 31.481600000), (0.000001798, 0.000000000), (0.000002536, 31.494400000), (0.000001791, 0.000000000), (0.000002441, 31.475200000), (0.000001827, 0.000000000), (0.000002441, 31.523200000), (0.000001797, 0.000000000)],
"worst_21":[(0.000000558, 31.379200000), (0.000000615, 0.000000000), (0.000000561, 31.392000000), (0.000000471, 0.000000000), (0.000000680, 31.353600000), (0.000000519, 0.000000000), (0.000000628, 31.347200000), (0.000000481, 0.000000000), (0.000000711, 31.292800000), (0.000000484, 0.000000000), (0.000000543, 31.379200000), (0.000000449, 0.000000000), (0.000000523, 31.392000000), (0.000000443, 0.000000000), (0.000000534, 31.353600000), (0.000000483, 0.000000000), (0.000000508, 31.347200000), (0.000000443, 0.000000000), (0.000000540, 31.292800000), (0.000000476, 0.000000000), (0.000000545, 31.379200000), (0.000000457, 0.000000000), (0.000000546, 31.392000000), (0.000000468, 0.000000000), (0.000000539, 31.353600000), (0.000000471, 0.000000000), (0.000000536, 31.347200000), (0.000000450, 0.000000000), (0.000000570, 31.292800000), (0.000000463, 0.000000000), (0.000000493, 31.379200000), (0.000000428, 0.000000000), (0.000000537, 31.392000000), (0.000000459, 0.000000000), (0.000000650, 31.353600000), (0.000000447, 0.000000000), (0.000000576, 31.347200000), (0.000000454, 0.000000000), (0.000000580, 31.292800000), (0.000000498, 0.000000000), (0.000000531, 31.379200000), (0.000000426, 0.000000000), (0.000000556, 31.392000000), (0.000000442, 0.000000000), (0.000000528, 31.353600000), (0.000000439, 0.000000000), (0.000000560, 31.347200000), (0.000000451, 0.000000000), (0.000000561, 31.292800000), (0.000000471, 0.000000000), (0.000000513, 31.379200000), (0.000000428, 0.000000000), (0.000000518, 31.392000000), (0.000000449, 0.000000000), (0.000000540, 31.353600000), (0.000000557, 0.000000000), (0.000000542, 31.347200000), (0.000000467, 0.000000000), (0.000000584, 31.292800000), (0.000000458, 0.000000000), (0.000000527, 31.379200000), (0.000000456, 0.000000000), (0.000000515, 31.392000000), (0.000000448, 0.000000000), (0.000000574, 31.353600000), (0.000000465, 0.000000000), (0.000000567, 31.347200000), (0.000000463, 0.000000000), (0.000000553, 31.292800000), (0.000000433, 0.000000000), (0.000000511, 31.379200000), (0.000000443, 0.000000000), (0.000000592, 31.392000000), (0.000000428, 0.000000000), (0.000000643, 31.353600000), (0.000000446, 0.000000000), (0.000000527, 31.347200000), (0.000000456, 0.000000000), (0.000000558, 31.292800000), (0.000000470, 0.000000000), (0.000000509, 31.379200000), (0.000000455, 0.000000000), (0.000000539, 31.392000000), (0.000000462, 0.000000000), (0.000000562, 31.353600000), (0.000000547, 0.000000000), (0.000000505, 31.347200000), (0.000000433, 0.000000000), (0.000000511, 31.292800000), (0.000000447, 0.000000000), (0.000000518, 31.379200000), (0.000000544, 0.000000000), (0.000000555, 31.392000000), (0.000000435, 0.000000000), (0.000000553, 31.353600000), (0.000000455, 0.000000000), (0.000000550, 31.347200000), (0.000000456, 0.000000000), (0.000000565, 31.292800000), (0.000000459, 0.000000000)],
"worst_22":[(0.000000537, 31.452800000), (0.000000472, 0.000000000), (0.000000557, 31.462400000), (0.000000479, 0.000000000), (0.000000573, 31.427200000), (0.000000532, 0.000000000), (0.000000639, 31.369600000), (0.000000526, 0.000000000), (0.000000580, 31.379200000), (0.000000504, 0.000000000), (0.000000557, 31.452800000), (0.000000493, 0.000000000), (0.000000578, 31.462400000), (0.000000521, 0.000000000), (0.000000744, 31.427200000), (0.000000532, 0.000000000), (0.000000610, 31.369600000), (0.000000516, 0.000000000), (0.000000600, 31.379200000), (0.000000519, 0.000000000), (0.000000557, 31.452800000), (0.000000492, 0.000000000), (0.000000580, 31.462400000), (0.000000503, 0.000000000), (0.000000588, 31.427200000), (0.000000443, 0.000000000), (0.000000583, 31.369600000), (0.000000474, 0.000000000), (0.000000719, 31.379200000), (0.000000522, 0.000000000), (0.000000543, 31.452800000), (0.000000470, 0.000000000), (0.000000569, 31.462400000), (0.000000489, 0.000000000), (0.000000595, 31.427200000), (0.000000541, 0.000000000), (0.000000614, 31.369600000), (0.000000514, 0.000000000), (0.000000593, 31.379200000), (0.000000515, 0.000000000), (0.000000556, 31.452800000), (0.000000581, 0.000000000), (0.000000609, 31.462400000), (0.000000519, 0.000000000), (0.000000696, 31.427200000), (0.000000525, 0.000000000), (0.000000627, 31.369600000), (0.000000584, 0.000000000), (0.000000597, 31.379200000), (0.000000517, 0.000000000), (0.000000571, 31.452800000), (0.000000498, 0.000000000), (0.000000587, 31.462400000), (0.000000524, 0.000000000), (0.000000623, 31.427200000), (0.000000516, 0.000000000), (0.000000684, 31.369600000), (0.000000507, 0.000000000), (0.000000595, 31.379200000), (0.000000575, 0.000000000), (0.000000565, 31.452800000), (0.000000573, 0.000000000), (0.000000574, 31.462400000), (0.000000528, 0.000000000), (0.000000619, 31.427200000), (0.000000553, 0.000000000), (0.000000640, 31.369600000), (0.000000520, 0.000000000), (0.000000597, 31.379200000), (0.000000540, 0.000000000), (0.000000530, 31.452800000), (0.000000471, 0.000000000), (0.000000556, 31.462400000), (0.000000492, 0.000000000), (0.000000589, 31.427200000), (0.000000500, 0.000000000), (0.000000610, 31.369600000), (0.000000521, 0.000000000), (0.000000687, 31.379200000), (0.000000535, 0.000000000), (0.000000541, 31.452800000), (0.000000474, 0.000000000), (0.000000692, 31.462400000), (0.000000486, 0.000000000), (0.000000581, 31.427200000), (0.000000512, 0.000000000), (0.000000600, 31.369600000), (0.000000513, 0.000000000), (0.000000739, 31.379200000), (0.000000545, 0.000000000), (0.000000599, 31.452800000), (0.000000504, 0.000000000), (0.000000572, 31.462400000), (0.000000486, 0.000000000), (0.000000588, 31.427200000), (0.000000499, 0.000000000), (0.000000586, 31.369600000), (0.000000494, 0.000000000), (0.000000617, 31.379200000), (0.000000509, 0.000000000)],
"worst_23":[(0.000000653, 31.424000000), (0.000000616, 0.000000000), (0.000000707, 31.440000000), (0.000000687, 0.000000000), (0.000000842, 31.529600000), (0.000000806, 0.000000000), (0.000001100, 31.478400000), (0.000000791, 0.000000000), (0.000000971, 31.417600000), (0.000000662, 0.000000000), (0.000000652, 31.424000000), (0.000000614, 0.000000000), (0.000000689, 31.440000000), (0.000000597, 0.000000000), (0.000000678, 31.529600000), (0.000000584, 0.000000000), (0.000000798, 31.478400000), (0.000000605, 0.000000000), (0.000000699, 31.417600000), (0.000000593, 0.000000000), (0.000000761, 31.424000000), (0.000000600, 0.000000000), (0.000000663, 31.440000000), (0.000000611, 0.000000000), (0.000000715, 31.529600000), (0.000000599, 0.000000000), (0.000000719, 31.478400000), (0.000000688, 0.000000000), (0.000000701, 31.417600000), (0.000000590, 0.000000000), (0.000000636, 31.424000000), (0.000000584, 0.000000000), (0.000000672, 31.440000000), (0.000000628, 0.000000000), (0.000000691, 31.529600000), (0.000000588, 0.000000000), (0.000000816, 31.478400000), (0.000000595, 0.000000000), (0.000000693, 31.417600000), (0.000000615, 0.000000000), (0.000000709, 31.424000000), (0.000000694, 0.000000000), (0.000000787, 31.440000000), (0.000000595, 0.000000000), (0.000000649, 31.529600000), (0.000000563, 0.000000000), (0.000000683, 31.478400000), (0.000000603, 0.000000000), (0.000000829, 31.417600000), (0.000000631, 0.000000000), (0.000000665, 31.424000000), (0.000000662, 0.000000000), (0.000000749, 31.440000000), (0.000000595, 0.000000000), (0.000000667, 31.529600000), (0.000000607, 0.000000000), (0.000000683, 31.478400000), (0.000000597, 0.000000000), (0.000000721, 31.417600000), (0.000000609, 0.000000000), (0.000000679, 31.424000000), (0.000000640, 0.000000000), (0.000000672, 31.440000000), (0.000000625, 0.000000000), (0.000000733, 31.529600000), (0.000000609, 0.000000000), (0.000000706, 31.478400000), (0.000000642, 0.000000000), (0.000000702, 31.417600000), (0.000000606, 0.000000000), (0.000000639, 31.424000000), (0.000000607, 0.000000000), (0.000000704, 31.440000000), (0.000000641, 0.000000000), (0.000000712, 31.529600000), (0.000000587, 0.000000000), (0.000000690, 31.478400000), (0.000000601, 0.000000000), (0.000000696, 31.417600000), (0.000000678, 0.000000000), (0.000000648, 31.424000000), (0.000000603, 0.000000000), (0.000000733, 31.440000000), (0.000000577, 0.000000000), (0.000000679, 31.529600000), (0.000000623, 0.000000000), (0.000000684, 31.478400000), (0.000000598, 0.000000000), (0.000000691, 31.417600000), (0.000000607, 0.000000000), (0.000000636, 31.424000000), (0.000000561, 0.000000000), (0.000000644, 31.440000000), (0.000000588, 0.000000000), (0.000000705, 31.529600000), (0.000000575, 0.000000000), (0.000000728, 31.478400000), (0.000000642, 0.000000000), (0.000000690, 31.417600000), (0.000000587, 0.000000000)],
"worst_24":[(0.000000782, 31.478400000), (0.000000827, 0.000000000), (0.000000838, 31.475200000), (0.000000703, 0.000000000), (0.000000933, 31.542400000), (0.000000703, 0.000000000), (0.000000837, 31.440000000), (0.000000732, 0.000000000), (0.000000846, 31.446400000), (0.000000737, 0.000000000), (0.000000784, 31.478400000), (0.000000723, 0.000000000), (0.000000884, 31.475200000), (0.000000712, 0.000000000), (0.000000801, 31.542400000), (0.000000716, 0.000000000), (0.000000841, 31.440000000), (0.000000827, 0.000000000), (0.000000832, 31.446400000), (0.000000703, 0.000000000), (0.000000763, 31.478400000), (0.000000760, 0.000000000), (0.000000829, 31.475200000), (0.000000815, 0.000000000), (0.000000819, 31.542400000), (0.000000688, 0.000000000), (0.000000820, 31.440000000), (0.000000726, 0.000000000), (0.000000861, 31.446400000), (0.000000708, 0.000000000), (0.000000791, 31.478400000), (0.000000802, 0.000000000), (0.000000849, 31.475200000), (0.000000716, 0.000000000), (0.000000804, 31.542400000), (0.000000686, 0.000000000), (0.000000949, 31.440000000), (0.000000761, 0.000000000), (0.000000802, 31.446400000), (0.000000687, 0.000000000), (0.000000802, 31.478400000), (0.000000793, 0.000000000), (0.000000901, 31.475200000), (0.000000702, 0.000000000), (0.000000838, 31.542400000), (0.000000700, 0.000000000), (0.000000862, 31.440000000), (0.000000729, 0.000000000), (0.000000832, 31.446400000), (0.000000714, 0.000000000), (0.000000820, 31.478400000), (0.000000746, 0.000000000), (0.000000824, 31.475200000), (0.000000697, 0.000000000), (0.000000808, 31.542400000), (0.000000710, 0.000000000), (0.000000835, 31.440000000), (0.000000717, 0.000000000), (0.000000841, 31.446400000), (0.000000719, 0.000000000), (0.000000927, 31.478400000), (0.000000750, 0.000000000), (0.000000796, 31.475200000), (0.000000697, 0.000000000), (0.000000838, 31.542400000), (0.000000696, 0.000000000), (0.000000874, 31.440000000), (0.000000704, 0.000000000), (0.000001007, 31.446400000), (0.000000904, 0.000000000), (0.000000959, 31.478400000), (0.000000944, 0.000000000), (0.000000921, 31.475200000), (0.000000723, 0.000000000), (0.000000822, 31.542400000), (0.000000718, 0.000000000), (0.000000841, 31.440000000), (0.000000714, 0.000000000), (0.000000826, 31.446400000), (0.000000741, 0.000000000), (0.000000730, 31.478400000), (0.000000743, 0.000000000), (0.000000797, 31.475200000), (0.000000694, 0.000000000), (0.000000813, 31.542400000), (0.000000779, 0.000000000), (0.000000826, 31.440000000), (0.000000724, 0.000000000), (0.000000850, 31.446400000), (0.000000775, 0.000000000), (0.000000747, 31.478400000), (0.000000715, 0.000000000), (0.000000789, 31.475200000), (0.000000686, 0.000000000), (0.000000819, 31.542400000), (0.000000708, 0.000000000), (0.000000833, 31.440000000), (0.000000713, 0.000000000), (0.000000823, 31.446400000), (0.000000721, 0.000000000)],
"worst_25":[(0.000000874, 31.510400000), (0.000000928, 0.000000000), (0.000000976, 31.542400000), (0.000000960, 0.000000000), (0.000001024, 31.494400000), (0.000000900, 0.000000000), (0.000000999, 31.507200000), (0.000000883, 0.000000000), (0.000001123, 31.513600000), (0.000000895, 0.000000000), (0.000000947, 31.510400000), (0.000000954, 0.000000000), (0.000000980, 31.542400000), (0.000000856, 0.000000000), (0.000000958, 31.494400000), (0.000000873, 0.000000000), (0.000001038, 31.507200000), (0.000000901, 0.000000000), (0.000001045, 31.513600000), (0.000000859, 0.000000000), (0.000000971, 31.510400000), (0.000000976, 0.000000000), (0.000000982, 31.542400000), (0.000000859, 0.000000000), (0.000000976, 31.494400000), (0.000000858, 0.000000000), (0.000001013, 31.507200000), (0.000000910, 0.000000000), (0.000001050, 31.513600000), (0.000000865, 0.000000000), (0.000000941, 31.510400000), (0.000000982, 0.000000000), (0.000000974, 31.542400000), (0.000000844, 0.000000000), (0.000000991, 31.494400000), (0.000000861, 0.000000000), (0.000001022, 31.507200000), (0.000000854, 0.000000000), (0.000000984, 31.513600000), (0.000000883, 0.000000000), (0.000000956, 31.510400000), (0.000000968, 0.000000000), (0.000001016, 31.542400000), (0.000000929, 0.000000000), (0.000000951, 31.494400000), (0.000000807, 0.000000000), (0.000000939, 31.507200000), (0.000000841, 0.000000000), (0.000000961, 31.513600000), (0.000000847, 0.000000000), (0.000000881, 31.510400000), (0.000000941, 0.000000000), (0.000000951, 31.542400000), (0.000000959, 0.000000000), (0.000000984, 31.494400000), (0.000000844, 0.000000000), (0.000000941, 31.507200000), (0.000000827, 0.000000000), (0.000000939, 31.513600000), (0.000000840, 0.000000000), (0.000000878, 31.510400000), (0.000000984, 0.000000000), (0.000000962, 31.542400000), (0.000000862, 0.000000000), (0.000001007, 31.494400000), (0.000000856, 0.000000000), (0.000000940, 31.507200000), (0.000000805, 0.000000000), (0.000000933, 31.513600000), (0.000000835, 0.000000000), (0.000000882, 31.510400000), (0.000000885, 0.000000000), (0.000000945, 31.542400000), (0.000000867, 0.000000000), (0.000000991, 31.494400000), (0.000001186, 0.000000000), (0.000001663, 31.507200000), (0.000001201, 0.000000000), (0.000001345, 31.513600000), (0.000001028, 0.000000000), (0.000001155, 31.510400000), (0.000001085, 0.000000000), (0.000001183, 31.542400000), (0.000001148, 0.000000000), (0.000001179, 31.494400000), (0.000000858, 0.000000000), (0.000001134, 31.507200000), (0.000000885, 0.000000000), (0.000001119, 31.513600000), (0.000001084, 0.000000000), (0.000001139, 31.510400000), (0.000001363, 0.000000000), (0.000001806, 31.542400000), (0.000001165, 0.000000000), (0.000001524, 31.494400000), (0.000001148, 0.000000000), (0.000001428, 31.507200000), (0.000001372, 0.000000000), (0.000001304, 31.513600000), (0.000001119, 0.000000000)],
"worst_26":[(0.000001103, 31.491200000), (0.000001131, 0.000000000), (0.000001135, 31.529600000), (0.000001042, 0.000000000), (0.000001130, 31.555200000), (0.000001112, 0.000000000), (0.000001279, 31.443200000), (0.000001232, 0.000000000), (0.000001120, 31.510400000), (0.000000993, 0.000000000), (0.000001169, 31.491200000), (0.000001271, 0.000000000), (0.000001148, 31.529600000), (0.000001030, 0.000000000), (0.000001146, 31.555200000), (0.000001002, 0.000000000), (0.000001129, 31.443200000), (0.000001012, 0.000000000), (0.000001296, 31.510400000), (0.000001018, 0.000000000), (0.000001119, 31.491200000), (0.000001169, 0.000000000), (0.000001154, 31.529600000), (0.000001081, 0.000000000), (0.000001122, 31.555200000), (0.000000966, 0.000000000), (0.000001122, 31.443200000), (0.000000956, 0.000000000), (0.000001121, 31.510400000), (0.000001086, 0.000000000), (0.000001023, 31.491200000), (0.000001078, 0.000000000), (0.000001108, 31.529600000), (0.000000979, 0.000000000), (0.000001097, 31.555200000), (0.000000967, 0.000000000), (0.000001099, 31.443200000), (0.000000974, 0.000000000), (0.000001097, 31.510400000), (0.000000967, 0.000000000), (0.000001025, 31.491200000), (0.000001087, 0.000000000), (0.000001107, 31.529600000), (0.000001013, 0.000000000), (0.000001101, 31.555200000), (0.000000984, 0.000000000), (0.000001101, 31.443200000), (0.000000950, 0.000000000), (0.000001086, 31.510400000), (0.000000952, 0.000000000), (0.000001070, 31.491200000), (0.000001065, 0.000000000), (0.000001098, 31.529600000), (0.000000993, 0.000000000), (0.000001099, 31.555200000), (0.000001012, 0.000000000), (0.000001131, 31.443200000), (0.000000966, 0.000000000), (0.000001117, 31.510400000), (0.000001021, 0.000000000), (0.000001196, 31.491200000), (0.000001068, 0.000000000), (0.000001135, 31.529600000), (0.000001037, 0.000000000), (0.000001103, 31.555200000), (0.000000993, 0.000000000), (0.000001182, 31.443200000), (0.000001056, 0.000000000), (0.000001151, 31.510400000), (0.000000960, 0.000000000), (0.000001060, 31.491200000), (0.000001070, 0.000000000), (0.000001102, 31.529600000), (0.000001066, 0.000000000), (0.000001185, 31.555200000), (0.000000987, 0.000000000), (0.000001124, 31.443200000), (0.000000972, 0.000000000), (0.000001111, 31.510400000), (0.000000983, 0.000000000), (0.000001066, 31.491200000), (0.000001058, 0.000000000), (0.000001060, 31.529600000), (0.000000993, 0.000000000), (0.000001103, 31.555200000), (0.000000962, 0.000000000), (0.000001085, 31.443200000), (0.000001017, 0.000000000), (0.000001111, 31.510400000), (0.000000971, 0.000000000), (0.000001017, 31.491200000), (0.000001061, 0.000000000), (0.000001092, 31.529600000), (0.000000988, 0.000000000), (0.000001167, 31.555200000), (0.000000979, 0.000000000), (0.000001107, 31.443200000), (0.000000987, 0.000000000), (0.000001104, 31.510400000), (0.000000992, 0.000000000)],
"worst_27":[(0.000001138, 31.561600000), (0.000001406, 0.000000000), (0.000001227, 31.424000000), (0.000001231, 0.000000000), (0.000001235, 31.491200000), (0.000001276, 0.000000000), (0.000001472, 31.484800000), (0.000001207, 0.000000000), (0.000001299, 31.491200000), (0.000001130, 0.000000000), (0.000001196, 31.561600000), (0.000001393, 0.000000000), (0.000001226, 31.424000000), (0.000001192, 0.000000000), (0.000001256, 31.491200000), (0.000001141, 0.000000000), (0.000001313, 31.484800000), (0.000001177, 0.000000000), (0.000001259, 31.491200000), (0.000001131, 0.000000000), (0.000001157, 31.561600000), (0.000001280, 0.000000000), (0.000001270, 31.424000000), (0.000001191, 0.000000000), (0.000001236, 31.491200000), (0.000001140, 0.000000000), (0.000001256, 31.484800000), (0.000001126, 0.000000000), (0.000001308, 31.491200000), (0.000001173, 0.000000000), (0.000001166, 31.561600000), (0.000001311, 0.000000000), (0.000001248, 31.424000000), (0.000001141, 0.000000000), (0.000001261, 31.491200000), (0.000001186, 0.000000000), (0.000001280, 31.484800000), (0.000001138, 0.000000000), (0.000001276, 31.491200000), (0.000001123, 0.000000000), (0.000001267, 31.561600000), (0.000001267, 0.000000000), (0.000001248, 31.424000000), (0.000001175, 0.000000000), (0.000001269, 31.491200000), (0.000001151, 0.000000000), (0.000001250, 31.484800000), (0.000001259, 0.000000000), (0.000001283, 31.491200000), (0.000001136, 0.000000000), (0.000001230, 31.561600000), (0.000001389, 0.000000000), (0.000001260, 31.424000000), (0.000001183, 0.000000000), (0.000001286, 31.491200000), (0.000001140, 0.000000000), (0.000001266, 31.484800000), (0.000001144, 0.000000000), (0.000001255, 31.491200000), (0.000001117, 0.000000000), (0.000001354, 31.561600000), (0.000001350, 0.000000000), (0.000001401, 31.424000000), (0.000001188, 0.000000000), (0.000001269, 31.491200000), (0.000001163, 0.000000000), (0.000001314, 31.484800000), (0.000001267, 0.000000000), (0.000001276, 31.491200000), (0.000001166, 0.000000000), (0.000001199, 31.561600000), (0.000001281, 0.000000000), (0.000001267, 31.424000000), (0.000001190, 0.000000000), (0.000001327, 31.491200000), (0.000001217, 0.000000000), (0.000001257, 31.484800000), (0.000001131, 0.000000000), (0.000001334, 31.491200000), (0.000001130, 0.000000000), (0.000001156, 31.561600000), (0.000001275, 0.000000000), (0.000001222, 31.424000000), (0.000001178, 0.000000000), (0.000001243, 31.491200000), (0.000001164, 0.000000000), (0.000001351, 31.484800000), (0.000001149, 0.000000000), (0.000001269, 31.491200000), (0.000001120, 0.000000000), (0.000001237, 31.561600000), (0.000001266, 0.000000000), (0.000001230, 31.424000000), (0.000001182, 0.000000000), (0.000001318, 31.491200000), (0.000001216, 0.000000000), (0.000001282, 31.484800000), (0.000001238, 0.000000000), (0.000001345, 31.491200000), (0.000001197, 0.000000000)],
"worst_28":[(0.000001693, 31.481600000), (0.000001553, 0.000000000), (0.000001523, 31.449600000), (0.000001388, 0.000000000), (0.000001433, 31.459200000), (0.000001395, 0.000000000), (0.000001436, 31.552000000), (0.000001304, 0.000000000), (0.000001427, 31.504000000), (0.000001289, 0.000000000), (0.000001351, 31.481600000), (0.000001479, 0.000000000), (0.000001409, 31.449600000), (0.000001363, 0.000000000), (0.000001464, 31.459200000), (0.000001369, 0.000000000), (0.000001440, 31.552000000), (0.000001381, 0.000000000), (0.000001423, 31.504000000), (0.000001282, 0.000000000), (0.000001404, 31.481600000), (0.000001523, 0.000000000), (0.000001389, 31.449600000), (0.000001351, 0.000000000), (0.000001449, 31.459200000), (0.000001344, 0.000000000), (0.000001465, 31.552000000), (0.000001294, 0.000000000), (0.000001422, 31.504000000), (0.000001279, 0.000000000), (0.000001384, 31.481600000), (0.000001514, 0.000000000), (0.000001473, 31.449600000), (0.000001387, 0.000000000), (0.000001486, 31.459200000), (0.000001322, 0.000000000), (0.000001440, 31.552000000), (0.000001317, 0.000000000), (0.000001421, 31.504000000), (0.000001295, 0.000000000), (0.000001393, 31.481600000), (0.000001518, 0.000000000), (0.000001416, 31.449600000), (0.000001371, 0.000000000), (0.000001389, 31.459200000), (0.000001318, 0.000000000), (0.000001404, 31.552000000), (0.000001301, 0.000000000), (0.000001503, 31.504000000), (0.000001264, 0.000000000), (0.000001403, 31.481600000), (0.000001520, 0.000000000), (0.000001402, 31.449600000), (0.000001353, 0.000000000), (0.000001463, 31.459200000), (0.000001300, 0.000000000), (0.000001404, 31.552000000), (0.000001283, 0.000000000), (0.000001414, 31.504000000), (0.000001275, 0.000000000), (0.000001464, 31.481600000), (0.000001461, 0.000000000), (0.000001401, 31.449600000), (0.000001368, 0.000000000), (0.000001387, 31.459200000), (0.000001314, 0.000000000), (0.000001497, 31.552000000), (0.000001338, 0.000000000), (0.000001409, 31.504000000), (0.000001282, 0.000000000), (0.000001415, 31.481600000), (0.000001519, 0.000000000), (0.000001446, 31.449600000), (0.000001350, 0.000000000), (0.000001419, 31.459200000), (0.000001337, 0.000000000), (0.000001405, 31.552000000), (0.000001412, 0.000000000), (0.000001709, 31.504000000), (0.000001417, 0.000000000), (0.000001381, 31.481600000), (0.000001652, 0.000000000), (0.000001428, 31.449600000), (0.000001362, 0.000000000), (0.000001415, 31.459200000), (0.000001315, 0.000000000), (0.000001437, 31.552000000), (0.000001336, 0.000000000), (0.000001427, 31.504000000), (0.000001302, 0.000000000), (0.000001387, 31.481600000), (0.000001477, 0.000000000), (0.000001394, 31.449600000), (0.000001421, 0.000000000), (0.000001425, 31.459200000), (0.000001333, 0.000000000), (0.000001435, 31.552000000), (0.000001283, 0.000000000), (0.000001518, 31.504000000), (0.000001302, 0.000000000)],
"worst_29":[(0.000001541, 31.504000000), (0.000001958, 0.000000000), (0.000001598, 31.430400000), (0.000001563, 0.000000000), (0.000001586, 31.510400000), (0.000001579, 0.000000000), (0.000001549, 31.526400000), (0.000001578, 0.000000000), (0.000001578, 31.452800000), (0.000001502, 0.000000000), (0.000001576, 31.504000000), (0.000001772, 0.000000000), (0.000001546, 31.430400000), (0.000001564, 0.000000000), (0.000001534, 31.510400000), (0.000001543, 0.000000000), (0.000001632, 31.526400000), (0.000001470, 0.000000000), (0.000001574, 31.452800000), (0.000001443, 0.000000000), (0.000001449, 31.504000000), (0.000001731, 0.000000000), (0.000001742, 31.430400000), (0.000001619, 0.000000000), (0.000001609, 31.510400000), (0.000001512, 0.000000000), (0.000001562, 31.526400000), (0.000001507, 0.000000000), (0.000001568, 31.452800000), (0.000001549, 0.000000000), (0.000001462, 31.504000000), (0.000001727, 0.000000000), (0.000001569, 31.430400000), (0.000001577, 0.000000000), (0.000001584, 31.510400000), (0.000001562, 0.000000000), (0.000001589, 31.526400000), (0.000001496, 0.000000000), (0.000001570, 31.452800000), (0.000001488, 0.000000000), (0.000001833, 31.504000000), (0.000001965, 0.000000000), (0.000001655, 31.430400000), (0.000001619, 0.000000000), (0.000001652, 31.510400000), (0.000001561, 0.000000000), (0.000001596, 31.526400000), (0.000001520, 0.000000000), (0.000001645, 31.452800000), (0.000001504, 0.000000000), (0.000001494, 31.504000000), (0.000001756, 0.000000000), (0.000001606, 31.430400000), (0.000001589, 0.000000000), (0.000001654, 31.510400000), (0.000001527, 0.000000000), (0.000001581, 31.526400000), (0.000001505, 0.000000000), (0.000001635, 31.452800000), (0.000001495, 0.000000000), (0.000001556, 31.504000000), (0.000001734, 0.000000000), (0.000001639, 31.430400000), (0.000001574, 0.000000000), (0.000001708, 31.510400000), (0.000001539, 0.000000000), (0.000001624, 31.526400000), (0.000001477, 0.000000000), (0.000001630, 31.452800000), (0.000001490, 0.000000000), (0.000001503, 31.504000000), (0.000001722, 0.000000000), (0.000001564, 31.430400000), (0.000001630, 0.000000000), (0.000001587, 31.510400000), (0.000001512, 0.000000000), (0.000001568, 31.526400000), (0.000001491, 0.000000000), (0.000001614, 31.452800000), (0.000001446, 0.000000000), (0.000001671, 31.504000000), (0.000001726, 0.000000000), (0.000001621, 31.430400000), (0.000001578, 0.000000000), (0.000001586, 31.510400000), (0.000001549, 0.000000000), (0.000001625, 31.526400000), (0.000001480, 0.000000000), (0.000001560, 31.452800000), (0.000001534, 0.000000000), (0.000001546, 31.504000000), (0.000001773, 0.000000000), (0.000001558, 31.430400000), (0.000001572, 0.000000000), (0.000001588, 31.510400000), (0.000001671, 0.000000000), (0.000001576, 31.526400000), (0.000001515, 0.000000000), (0.000001590, 31.452800000), (0.000001494, 0.000000000)],
"worst_30":[(0.000001656, 31.459200000), (0.000001956, 0.000000000), (0.000001844, 31.475200000), (0.000002140, 0.000000000), (0.000001878, 31.520000000), (0.000001983, 0.000000000), (0.000001777, 31.513600000), (0.000001800, 0.000000000), (0.000001864, 31.532800000), (0.000001888, 0.000000000), (0.000001761, 31.459200000), (0.000001995, 0.000000000), (0.000001794, 31.475200000), (0.000001832, 0.000000000), (0.000001804, 31.520000000), (0.000001770, 0.000000000), (0.000001793, 31.513600000), (0.000001716, 0.000000000), (0.000001763, 31.532800000), (0.000001708, 0.000000000), (0.000001831, 31.459200000), (0.000002017, 0.000000000), (0.000001723, 31.475200000), (0.000001836, 0.000000000), (0.000001851, 31.520000000), (0.000001811, 0.000000000), (0.000001749, 31.513600000), (0.000001797, 0.000000000), (0.000001792, 31.532800000), (0.000001721, 0.000000000), (0.000001727, 31.459200000), (0.000001954, 0.000000000), (0.000001843, 31.475200000), (0.000001876, 0.000000000), (0.000001783, 31.520000000), (0.000001775, 0.000000000), (0.000001752, 31.513600000), (0.000001784, 0.000000000), (0.000001793, 31.532800000), (0.000001714, 0.000000000), (0.000001730, 31.459200000), (0.000001988, 0.000000000), (0.000001755, 31.475200000), (0.000001893, 0.000000000), (0.000001769, 31.520000000), (0.000001803, 0.000000000), (0.000001795, 31.513600000), (0.000001738, 0.000000000), (0.000001831, 31.532800000), (0.000001761, 0.000000000), (0.000001782, 31.459200000), (0.000002453, 0.000000000), (0.000001887, 31.475200000), (0.000002230, 0.000000000), (0.000001823, 31.520000000), (0.000001862, 0.000000000), (0.000001800, 31.513600000), (0.000001817, 0.000000000), (0.000001778, 31.532800000), (0.000001767, 0.000000000), (0.000001771, 31.459200000), (0.000001970, 0.000000000), (0.000001766, 31.475200000), (0.000001876, 0.000000000), (0.000001846, 31.520000000), (0.000001755, 0.000000000), (0.000001868, 31.513600000), (0.000001752, 0.000000000), (0.000001773, 31.532800000), (0.000001749, 0.000000000), (0.000001665, 31.459200000), (0.000002014, 0.000000000), (0.000001759, 31.475200000), (0.000001855, 0.000000000), (0.000001780, 31.520000000), (0.000001791, 0.000000000), (0.000001800, 31.513600000), (0.000001794, 0.000000000), (0.000001807, 31.532800000), (0.000001708, 0.000000000), (0.000001724, 31.459200000), (0.000002055, 0.000000000), (0.000001800, 31.475200000), (0.000001938, 0.000000000), (0.000001799, 31.520000000), (0.000001788, 0.000000000), (0.000001779, 31.513600000), (0.000001795, 0.000000000), (0.000001763, 31.532800000), (0.000001727, 0.000000000), (0.000001737, 31.459200000), (0.000001968, 0.000000000), (0.000001713, 31.475200000), (0.000001794, 0.000000000), (0.000001712, 31.520000000), (0.000001745, 0.000000000), (0.000001833, 31.513600000), (0.000001716, 0.000000000), (0.000001721, 31.532800000), (0.000001759, 0.000000000)],
"worst_31":[(0.000002124, 31.478400000), (0.000002624, 0.000000000), (0.000001953, 31.568000000), (0.000002142, 0.000000000), (0.000001990, 31.523200000), (0.000002100, 0.000000000), (0.000002062, 31.536000000), (0.000002033, 0.000000000), (0.000002002, 31.516800000), (0.000001996, 0.000000000), (0.000001900, 31.478400000), (0.000002263, 0.000000000), (0.000002068, 31.568000000), (0.000002303, 0.000000000), (0.000001990, 31.523200000), (0.000002097, 0.000000000), (0.000002041, 31.536000000), (0.000002138, 0.000000000), (0.000001970, 31.516800000), (0.000002020, 0.000000000), (0.000001895, 31.478400000), (0.000002276, 0.000000000), (0.000001979, 31.568000000), (0.000002096, 0.000000000), (0.000002040, 31.523200000), (0.000002049, 0.000000000), (0.000001969, 31.536000000), (0.000002006, 0.000000000), (0.000002009, 31.516800000), (0.000001971, 0.000000000), (0.000001943, 31.478400000), (0.000002361, 0.000000000), (0.000001969, 31.568000000), (0.000002232, 0.000000000), (0.000002027, 31.523200000), (0.000002020, 0.000000000), (0.000001976, 31.536000000), (0.000001984, 0.000000000), (0.000001959, 31.516800000), (0.000002114, 0.000000000), (0.000001987, 31.478400000), (0.000002304, 0.000000000), (0.000002008, 31.568000000), (0.000002129, 0.000000000), (0.000001951, 31.523200000), (0.000002055, 0.000000000), (0.000001948, 31.536000000), (0.000002150, 0.000000000), (0.000002042, 31.516800000), (0.000001997, 0.000000000), (0.000002034, 31.478400000), (0.000002393, 0.000000000), (0.000001992, 31.568000000), (0.000002110, 0.000000000), (0.000001997, 31.523200000), (0.000002125, 0.000000000), (0.000002021, 31.536000000), (0.000002032, 0.000000000), (0.000002003, 31.516800000), (0.000001951, 0.000000000), (0.000001922, 31.478400000), (0.000002271, 0.000000000), (0.000002002, 31.568000000), (0.000002166, 0.000000000), (0.000001992, 31.523200000), (0.000002102, 0.000000000), (0.000001982, 31.536000000), (0.000002034, 0.000000000), (0.000001965, 31.516800000), (0.000001964, 0.000000000), (0.000002044, 31.478400000), (0.000002395, 0.000000000), (0.000001984, 31.568000000), (0.000002184, 0.000000000), (0.000001976, 31.523200000), (0.000002029, 0.000000000), (0.000001957, 31.536000000), (0.000002054, 0.000000000), (0.000001986, 31.516800000), (0.000001964, 0.000000000), (0.000001938, 31.478400000), (0.000002253, 0.000000000), (0.000002034, 31.568000000), (0.000002135, 0.000000000), (0.000001969, 31.523200000), (0.000002048, 0.000000000), (0.000001951, 31.536000000), (0.000001991, 0.000000000), (0.000002123, 31.516800000), (0.000002084, 0.000000000), (0.000001905, 31.478400000), (0.000002236, 0.000000000), (0.000002018, 31.568000000), (0.000002044, 0.000000000), (0.000001879, 31.523200000), (0.000001997, 0.000000000), (0.000001995, 31.536000000), (0.000002054, 0.000000000), (0.000001979, 31.516800000), (0.000001904, 0.000000000)],
"worst_32":[(0.000002097, 31.504000000), (0.000002532, 0.000000000), (0.000002349, 31.468800000), (0.000002415, 0.000000000), (0.000002192, 31.494400000), (0.000002296, 0.000000000), (0.000002158, 31.465600000), (0.000002231, 0.000000000), (0.000002152, 31.536000000), (0.000002207, 0.000000000), (0.000002285, 31.504000000), (0.000002503, 0.000000000), (0.000002243, 31.468800000), (0.000002529, 0.000000000), (0.000002272, 31.494400000), (0.000002303, 0.000000000), (0.000002253, 31.465600000), (0.000002276, 0.000000000), (0.000002482, 31.536000000), (0.000002283, 0.000000000), (0.000002074, 31.504000000), (0.000002549, 0.000000000), (0.000002144, 31.468800000), (0.000002468, 0.000000000), (0.000002209, 31.494400000), (0.000002369, 0.000000000), (0.000002152, 31.465600000), (0.000002275, 0.000000000), (0.000002130, 31.536000000), (0.000002224, 0.000000000), (0.000002049, 31.504000000), (0.000002503, 0.000000000), (0.000002184, 31.468800000), (0.000002434, 0.000000000), (0.000002275, 31.494400000), (0.000002306, 0.000000000), (0.000002248, 31.465600000), (0.000002326, 0.000000000), (0.000002182, 31.536000000), (0.000002198, 0.000000000), (0.000002087, 31.504000000), (0.000002554, 0.000000000), (0.000002166, 31.468800000), (0.000002358, 0.000000000), (0.000002120, 31.494400000), (0.000002364, 0.000000000), (0.000002245, 31.465600000), (0.000002284, 0.000000000), (0.000002278, 31.536000000), (0.000002234, 0.000000000), (0.000002051, 31.504000000), (0.000002549, 0.000000000), (0.000002320, 31.468800000), (0.000002376, 0.000000000), (0.000002174, 31.494400000), (0.000002342, 0.000000000), (0.000002170, 31.465600000), (0.000002253, 0.000000000), (0.000002183, 31.536000000), (0.000002210, 0.000000000), (0.000002120, 31.504000000), (0.000002522, 0.000000000), (0.000002147, 31.468800000), (0.000002357, 0.000000000), (0.000002240, 31.494400000), (0.000002338, 0.000000000), (0.000002193, 31.465600000), (0.000002281, 0.000000000), (0.000002250, 31.536000000), (0.000002265, 0.000000000), (0.000002188, 31.504000000), (0.000002524, 0.000000000), (0.000002193, 31.468800000), (0.000002379, 0.000000000), (0.000002206, 31.494400000), (0.000002314, 0.000000000), (0.000002271, 31.465600000), (0.000002340, 0.000000000), (0.000002256, 31.536000000), (0.000002367, 0.000000000), (0.000002201, 31.504000000), (0.000002588, 0.000000000), (0.000002257, 31.468800000), (0.000002458, 0.000000000), (0.000002248, 31.494400000), (0.000002351, 0.000000000), (0.000002326, 31.465600000), (0.000002337, 0.000000000), (0.000002219, 31.536000000), (0.000002279, 0.000000000), (0.000002130, 31.504000000), (0.000002599, 0.000000000), (0.000002214, 31.468800000), (0.000002427, 0.000000000), (0.000002198, 31.494400000), (0.000002347, 0.000000000), (0.000002227, 31.465600000), (0.000002262, 0.000000000), (0.000002266, 31.536000000), (0.000002387, 0.000000000)],
"worst_33":[(0.000002399, 31.507200000), (0.000003037, 0.000000000), (0.000002523, 31.462400000), (0.000002780, 0.000000000), (0.000002569, 31.456000000), (0.000002677, 0.000000000), (0.000002524, 31.532800000), (0.000002613, 0.000000000), (0.000002651, 31.484800000), (0.000002620, 0.000000000), (0.000002495, 31.507200000), (0.000003053, 0.000000000), (0.000002797, 31.462400000), (0.000002936, 0.000000000), (0.000002825, 31.456000000), (0.000002912, 0.000000000), (0.000002822, 31.532800000), (0.000002793, 0.000000000), (0.000002916, 31.484800000), (0.000002725, 0.000000000), (0.000002407, 31.507200000), (0.000002939, 0.000000000), (0.000002595, 31.462400000), (0.000002934, 0.000000000), (0.000002644, 31.456000000), (0.000002723, 0.000000000), (0.000002611, 31.532800000), (0.000002675, 0.000000000), (0.000002665, 31.484800000), (0.000002715, 0.000000000), (0.000002439, 31.507200000), (0.000003154, 0.000000000), (0.000002834, 31.462400000), (0.000003150, 0.000000000), (0.000002816, 31.456000000), (0.000002739, 0.000000000), (0.000002590, 31.532800000), (0.000002649, 0.000000000), (0.000002686, 31.484800000), (0.000003019, 0.000000000), (0.000002432, 31.507200000), (0.000002983, 0.000000000), (0.000002557, 31.462400000), (0.000002736, 0.000000000), (0.000002700, 31.456000000), (0.000002684, 0.000000000), (0.000002532, 31.532800000), (0.000002682, 0.000000000), (0.000002575, 31.484800000), (0.000002611, 0.000000000), (0.000002384, 31.507200000), (0.000002954, 0.000000000), (0.000002568, 31.462400000), (0.000002738, 0.000000000), (0.000002531, 31.456000000), (0.000002674, 0.000000000), (0.000002594, 31.532800000), (0.000002695, 0.000000000), (0.000002666, 31.484800000), (0.000002940, 0.000000000), (0.000002362, 31.507200000), (0.000002962, 0.000000000), (0.000002530, 31.462400000), (0.000002754, 0.000000000), (0.000002593, 31.456000000), (0.000002722, 0.000000000), (0.000002581, 31.532800000), (0.000002772, 0.000000000), (0.000002589, 31.484800000), (0.000002728, 0.000000000), (0.000002407, 31.507200000), (0.000002968, 0.000000000), (0.000002522, 31.462400000), (0.000002760, 0.000000000), (0.000002682, 31.456000000), (0.000002679, 0.000000000), (0.000002520, 31.532800000), (0.000002711, 0.000000000), (0.000002702, 31.484800000), (0.000003000, 0.000000000), (0.000002420, 31.507200000), (0.000003035, 0.000000000), (0.000002576, 31.462400000), (0.000002787, 0.000000000), (0.000002515, 31.456000000), (0.000002772, 0.000000000), (0.000002671, 31.532800000), (0.000002806, 0.000000000), (0.000002557, 31.484800000), (0.000002684, 0.000000000), (0.000002436, 31.507200000), (0.000002945, 0.000000000), (0.000002537, 31.462400000), (0.000002741, 0.000000000), (0.000002525, 31.456000000), (0.000002708, 0.000000000), (0.000002522, 31.532800000), (0.000002671, 0.000000000), (0.000002686, 31.484800000), (0.000002792, 0.000000000)],
"worst_34":[(0.000002697, 31.436800000), (0.000003414, 0.000000000), (0.000002891, 31.484800000), (0.000003250, 0.000000000), (0.000002912, 31.446400000), (0.000003111, 0.000000000), (0.000002887, 31.468800000), (0.000002992, 0.000000000), (0.000002957, 31.516800000), (0.000002998, 0.000000000), (0.000002668, 31.436800000), (0.000003372, 0.000000000), (0.000002902, 31.484800000), (0.000003095, 0.000000000), (0.000002884, 31.446400000), (0.000003058, 0.000000000), (0.000002888, 31.468800000), (0.000003030, 0.000000000), (0.000002862, 31.516800000), (0.000003066, 0.000000000), (0.000002811, 31.436800000), (0.000003464, 0.000000000), (0.000002843, 31.484800000), (0.000003137, 0.000000000), (0.000002833, 31.446400000), (0.000002995, 0.000000000), (0.000003187, 31.468800000), (0.000003363, 0.000000000), (0.000003097, 31.516800000), (0.000003002, 0.000000000), (0.000002686, 31.436800000), (0.000003499, 0.000000000), (0.000002873, 31.484800000), (0.000003196, 0.000000000), (0.000002868, 31.446400000), (0.000003047, 0.000000000), (0.000002971, 31.468800000), (0.000003078, 0.000000000), (0.000002916, 31.516800000), (0.000002969, 0.000000000), (0.000002714, 31.436800000), (0.000003379, 0.000000000), (0.000002851, 31.484800000), (0.000003154, 0.000000000), (0.000002885, 31.446400000), (0.000003116, 0.000000000), (0.000002925, 31.468800000), (0.000003048, 0.000000000), (0.000002897, 31.516800000), (0.000003358, 0.000000000), (0.000002807, 31.436800000), (0.000003364, 0.000000000), (0.000002954, 31.484800000), (0.000003127, 0.000000000), (0.000003056, 31.446400000), (0.000003083, 0.000000000), (0.000002886, 31.468800000), (0.000003039, 0.000000000), (0.000002934, 31.516800000), (0.000003002, 0.000000000), (0.000002692, 31.436800000), (0.000003417, 0.000000000), (0.000002910, 31.484800000), (0.000003179, 0.000000000), (0.000002965, 31.446400000), (0.000003146, 0.000000000), (0.000002951, 31.468800000), (0.000003018, 0.000000000), (0.000002919, 31.516800000), (0.000003060, 0.000000000), (0.000002722, 31.436800000), (0.000003482, 0.000000000), (0.000002965, 31.484800000), (0.000003161, 0.000000000), (0.000003015, 31.446400000), (0.000003179, 0.000000000), (0.000003032, 31.468800000), (0.000003071, 0.000000000), (0.000002919, 31.516800000), (0.000003069, 0.000000000), (0.000002717, 31.436800000), (0.000003435, 0.000000000), (0.000002924, 31.484800000), (0.000003138, 0.000000000), (0.000003005, 31.446400000), (0.000003247, 0.000000000), (0.000002966, 31.468800000), (0.000002961, 0.000000000), (0.000002859, 31.516800000), (0.000002906, 0.000000000), (0.000002705, 31.436800000), (0.000003303, 0.000000000), (0.000002824, 31.484800000), (0.000003063, 0.000000000), (0.000002907, 31.446400000), (0.000003373, 0.000000000), (0.000002963, 31.468800000), (0.000002946, 0.000000000), (0.000002834, 31.516800000), (0.000003097, 0.000000000)],
"worst_35":[(0.000002976, 31.478400000), (0.000003844, 0.000000000), (0.000003334, 31.526400000), (0.000003467, 0.000000000), (0.000003166, 31.520000000), (0.000003399, 0.000000000), (0.000003145, 31.475200000), (0.000003345, 0.000000000), (0.000003171, 31.488000000), (0.000003486, 0.000000000), (0.000002987, 31.478400000), (0.000003780, 0.000000000), (0.000003133, 31.526400000), (0.000003526, 0.000000000), (0.000003217, 31.520000000), (0.000003302, 0.000000000), (0.000003454, 31.475200000), (0.000003441, 0.000000000), (0.000003147, 31.488000000), (0.000003333, 0.000000000), (0.000002960, 31.478400000), (0.000003971, 0.000000000), (0.000003348, 31.526400000), (0.000004012, 0.000000000), (0.000003411, 31.520000000), (0.000003436, 0.000000000), (0.000003465, 31.475200000), (0.000003382, 0.000000000), (0.000003291, 31.488000000), (0.000003320, 0.000000000), (0.000003282, 31.478400000), (0.000003977, 0.000000000), (0.000003519, 31.526400000), (0.000003763, 0.000000000), (0.000003239, 31.520000000), (0.000003559, 0.000000000), (0.000003162, 31.475200000), (0.000003342, 0.000000000), (0.000003237, 31.488000000), (0.000003279, 0.000000000), (0.000002965, 31.478400000), (0.000003917, 0.000000000), (0.000003247, 31.526400000), (0.000003464, 0.000000000), (0.000003362, 31.520000000), (0.000003529, 0.000000000), (0.000003200, 31.475200000), (0.000003501, 0.000000000), (0.000003204, 31.488000000), (0.000003413, 0.000000000), (0.000003047, 31.478400000), (0.000003823, 0.000000000), (0.000003283, 31.526400000), (0.000003447, 0.000000000), (0.000003137, 31.520000000), (0.000003396, 0.000000000), (0.000003303, 31.475200000), (0.000003336, 0.000000000), (0.000003138, 31.488000000), (0.000003233, 0.000000000), (0.000002969, 31.478400000), (0.000003796, 0.000000000), (0.000003164, 31.526400000), (0.000003446, 0.000000000), (0.000003179, 31.520000000), (0.000003395, 0.000000000), (0.000003180, 31.475200000), (0.000003470, 0.000000000), (0.000003184, 31.488000000), (0.000003342, 0.000000000), (0.000002935, 31.478400000), (0.000003935, 0.000000000), (0.000003178, 31.526400000), (0.000003539, 0.000000000), (0.000003273, 31.520000000), (0.000003380, 0.000000000), (0.000003224, 31.475200000), (0.000003435, 0.000000000), (0.000003278, 31.488000000), (0.000003303, 0.000000000), (0.000003025, 31.478400000), (0.000003794, 0.000000000), (0.000003229, 31.526400000), (0.000003549, 0.000000000), (0.000003240, 31.520000000), (0.000003390, 0.000000000), (0.000003265, 31.475200000), (0.000003437, 0.000000000), (0.000003212, 31.488000000), (0.000003300, 0.000000000), (0.000003025, 31.478400000), (0.000003842, 0.000000000), (0.000003176, 31.526400000), (0.000003585, 0.000000000), (0.000003178, 31.520000000), (0.000003420, 0.000000000), (0.000003192, 31.475200000), (0.000003332, 0.000000000), (0.000003218, 31.488000000), (0.000003334, 0.000000000)],
