"best_15":[(0.000000674, 23.558400000), (0.000000410, 0.000000000), (0.000000610, 23.553600000), (0.000000422, 0.000000000), (0.000000572, 23.582400000), (0.000000413, 0.000000000), (0.000000592, 23.481600000), (0.000000422, 0.000000000), (0.000000561, 23.452800000), (0.000000432, 0.000000000), (0.000000521, 23.558400000), (0.000000408, 0.000000000), (0.000000507, 23.553600000), (0.000000408, 0.000000000), (0.000000512, 23.582400000), (0.000000415, 0.000000000), (0.000000536, 23.481600000), (0.000000445, 0.000000000), (0.000000557, 23.452800000), (0.000000428, 0.000000000), (0.000000518, 23.558400000), (0.000000403, 0.000000000), (0.000000501, 23.553600000), (0.000000402, 0.000000000), (0.000000520, 23.582400000), (0.000000417, 0.000000000), (0.000000524, 23.481600000), (0.000000422, 0.000000000), (0.000000544, 23.452800000), (0.000000446, 0.000000000), (0.000000535, 23.558400000), (0.000000405, 0.000000000), (0.000000513, 23.553600000), (0.000000421, 0.000000000), (0.000000519, 23.582400000), (0.000000417, 0.000000000), (0.000000533, 23.481600000), (0.000000435, 0.000000000), (0.000000545, 23.452800000), (0.000000426, 0.000000000), (0.000000518, 23.558400000), (0.000000398, 0.000000000), (0.000000508, 23.553600000), (0.000000415, 0.000000000), (0.000000523, 23.582400000), (0.000000411, 0.000000000), (0.000000525, 23.481600000), (0.000000419, 0.000000000), (0.000000542, 23.452800000), (0.000000442, 0.000000000), (0.000000537, 23.558400000), (0.000000404, 0.000000000), (0.000000514, 23.553600000), (0.000000403, 0.000000000), (0.000000522, 23.582400000), (0.000000408, 0.000000000), (0.000000567, 23.481600000), (0.000000420, 0.000000000), (0.000000708, 23.452800000), (0.000000455, 0.000000000), (0.000000537, 23.558400000), (0.000000422, 0.000000000), (0.000000529, 23.553600000), (0.000000420, 0.000000000), (0.000000545, 23.582400000), (0.000000424, 0.000000000), (0.000000571, 23.481600000), (0.000000433, 0.000000000), (0.000000541, 23.452800000), (0.000000433, 0.000000000), (0.000000515, 23.558400000), (0.000000427, 0.000000000), (0.000000527, 23.553600000), (0.000000416, 0.000000000), (0.000000523, 23.582400000), (0.000000433, 0.000000000), (0.000000543, 23.481600000), (0.000000433, 0.000000000), (0.000000555, 23.452800000), (0.000000454, 0.000000000), (0.000000509, 23.558400000), (0.000000409, 0.000000000), (0.000000526, 23.553600000), (0.000000425, 0.000000000), (0.000000607, 23.582400000), (0.000000455, 0.000000000), (0.000000551, 23.481600000), (0.000000526, 0.000000000), (0.000000532, 23.452800000), (0.000000532, 0.000000000), (0.000000532, 23.558400000), (0.000000515, 0.000000000), (0.000000580, 23.553600000), (0.000000496, 0.000000000), (0.000000566, 23.582400000), (0.000000435, 0.000000000), (0.000000548, 23.481600000), (0.000000431, 0.000000000), (0.000000632, 23.452800000), (0.000000430, 0.000000000)],
"best_16":[(0.000000609, 23.589600000), (0.000000603, 0.000000000), (0.000000563, 23.652000000), (0.000000525, 0.000000000), (0.000000613, 23.560800000), (0.000000512, 0.000000000), (0.000000597, 23.551200000), (0.000000472, 0.000000000), (0.000000819, 23.575200000), (0.000000547, 0.000000000), (0.000000665, 23.589600000), (0.000000489, 0.000000000), (0.000000811, 23.652000000), (0.000000576, 0.000000000), (0.000000691, 23.560800000), (0.000000589, 0.000000000), (0.000000624, 23.551200000), (0.000000538, 0.000000000), (0.000000681, 23.575200000), (0.000000524, 0.000000000), (0.000000622, 23.589600000), (0.000000495, 0.000000000), (0.000000585, 23.652000000), (0.000000506, 0.000000000), (0.000000581, 23.560800000), (0.000000549, 0.000000000), (0.000000615, 23.551200000), (0.000000485, 0.000000000), (0.000000648, 23.575200000), (0.000000492, 0.000000000), (0.000000597, 23.589600000), (0.000000472, 0.000000000), (0.000000592, 23.652000000), (0.000000483, 0.000000000), (0.000000604, 23.560800000), (0.000000454, 0.000000000), (0.000000663, 23.551200000), (0.000000501, 0.000000000), (0.000000647, 23.575200000), (0.000000468, 0.000000000), (0.000000597, 23.589600000), (0.000000479, 0.000000000), (0.000000598, 23.652000000), (0.000000483, 0.000000000), (0.000000593, 23.560800000), (0.000000463, 0.000000000), (0.000000570, 23.551200000), (0.000000468, 0.000000000), (0.000000569, 23.575200000), (0.000000493, 0.000000000), (0.000000587, 23.589600000), (0.000000463, 0.000000000), (0.000000590, 23.652000000), (0.000000477, 0.000000000), (0.000000576, 23.560800000), (0.000000463, 0.000000000), (0.000000580, 23.551200000), (0.000000480, 0.000000000), (0.000000598, 23.575200000), (0.000000493, 0.000000000), (0.000000596, 23.589600000), (0.000000482, 0.000000000), (0.000000660, 23.652000000), (0.000000521, 0.000000000), (0.000000606, 23.560800000), (0.000000496, 0.000000000), (0.000000613, 23.551200000), (0.000000494, 0.000000000), (0.000000586, 23.575200000), (0.000000505, 0.000000000), (0.000000601, 23.589600000), (0.000000492, 0.000000000), (0.000000594, 23.652000000), (0.000000492, 0.000000000), (0.000000637, 23.560800000), (0.000000501, 0.000000000), (0.000000580, 23.551200000), (0.000000481, 0.000000000), (0.000000653, 23.575200000), (0.000000525, 0.000000000), (0.000000595, 23.589600000), (0.000000474, 0.000000000), (0.000000779, 23.652000000), (0.000000564, 0.000000000), (0.000000700, 23.560800000), (0.000000593, 0.000000000), (0.000000615, 23.551200000), (0.000000528, 0.000000000), (0.000000730, 23.575200000), (0.000000629, 0.000000000), (0.000000641, 23.589600000), (0.000000495, 0.000000000), (0.000000574, 23.652000000), (0.000000477, 0.000000000), (0.000000577, 23.560800000), (0.000000485, 0.000000000), (0.000000589, 23.551200000), (0.000000473, 0.000000000), (0.000000685, 23.575200000), (0.000000475, 0.000000000)],
"best_17":[(0.000000707, 23.618400000), (0.000000545, 0.000000000), (0.000000715, 23.551200000), (0.000000582, 0.000000000), (0.000000712, 23.625600000), (0.000000565, 0.000000000), (0.000000726, 23.584800000), (0.000000565, 0.000000000), (0.000000796, 23.604000000), (0.000000591, 0.000000000), (0.000000732, 23.618400000), (0.000000700, 0.000000000), (0.000000914, 23.551200000), (0.000000637, 0.000000000), (0.000000783, 23.625600000), (0.000000612, 0.000000000), (0.000000778, 23.584800000), (0.000000594, 0.000000000), (0.000000739, 23.604000000), (0.000000634, 0.000000000), (0.000000766, 23.618400000), (0.000000730, 0.000000000), (0.000000727, 23.551200000), (0.000000570, 0.000000000), (0.000000761, 23.625600000), (0.000000548, 0.000000000), (0.000000780, 23.584800000), (0.000000596, 0.000000000), (0.000000710, 23.604000000), (0.000000686, 0.000000000), (0.000000727, 23.618400000), (0.000000575, 0.000000000), (0.000000701, 23.551200000), (0.000000571, 0.000000000), (0.000000716, 23.625600000), (0.000000580, 0.000000000), (0.000000725, 23.584800000), (0.000000685, 0.000000000), (0.000000710, 23.604000000), (0.000000582, 0.000000000), (0.000000712, 23.618400000), (0.000000543, 0.000000000), (0.000000781, 23.551200000), (0.000000557, 0.000000000), (0.000000705, 23.625600000), (0.000000554, 0.000000000), (0.000000738, 23.584800000), (0.000000567, 0.000000000), (0.000000735, 23.604000000), (0.000000563, 0.000000000), (0.000000785, 23.618400000), (0.000000554, 0.000000000), (0.000000716, 23.551200000), (0.000000637, 0.000000000), (0.000000707, 23.625600000), (0.000000568, 0.000000000), (0.000000754, 23.584800000), (0.000000565, 0.000000000), (0.000000708, 23.604000000), (0.000000565, 0.000000000), (0.000000680, 23.618400000), (0.000000587, 0.000000000), (0.000000716, 23.551200000), (0.000000562, 0.000000000), (0.000000739, 23.625600000), (0.000000552, 0.000000000), (0.000000749, 23.584800000), (0.000000588, 0.000000000), (0.000000790, 23.604000000), (0.000000635, 0.000000000), (0.000000740, 23.618400000), (0.000000605, 0.000000000), (0.000000827, 23.551200000), (0.000000606, 0.000000000), (0.000000738, 23.625600000), (0.000000616, 0.000000000), (0.000000721, 23.584800000), (0.000000616, 0.000000000), (0.000000831, 23.604000000), (0.000000587, 0.000000000), (0.000000735, 23.618400000), (0.000000590, 0.000000000), (0.000000716, 23.551200000), (0.000000597, 0.000000000), (0.000000713, 23.625600000), (0.000000601, 0.000000000), (0.000000748, 23.584800000), (0.000000562, 0.000000000), (0.000000711, 23.604000000), (0.000000582, 0.000000000), (0.000000840, 23.618400000), (0.000000597, 0.000000000), (0.000000705, 23.551200000), (0.000000562, 0.000000000), (0.000000733, 23.625600000), (0.000000570, 0.000000000), (0.000000692, 23.584800000), (0.000000562, 0.000000000), (0.000000704, 23.604000000), (0.000000739, 0.000000000)],
"best_18":[(0.000000865, 23.654400000), (0.000000632, 0.000000000), (0.000000898, 23.572800000), (0.000000763, 0.000000000), (0.000000983, 23.649600000), (0.000000774, 0.000000000), (0.000000980, 23.630400000), (0.000000763, 0.000000000), (0.000000898, 23.611200000), (0.000000955, 0.000000000), (0.000000941, 23.654400000), (0.000000694, 0.000000000), (0.000000888, 23.572800000), (0.000000658, 0.000000000), (0.000000858, 23.649600000), (0.000000658, 0.000000000), (0.000000838, 23.630400000), (0.000000651, 0.000000000), (0.000000862, 23.611200000), (0.000000677, 0.000000000), (0.000000864, 23.654400000), (0.000000659, 0.000000000), (0.000000923, 23.572800000), (0.000000859, 0.000000000), (0.000001095, 23.649600000), (0.000000919, 0.000000000), (0.000000986, 23.630400000), (0.000000686, 0.000000000), (0.000000866, 23.611200000), (0.000000719, 0.000000000), (0.000000875, 23.654400000), (0.000000670, 0.000000000), (0.000000990, 23.572800000), (0.000000829, 0.000000000), (0.000000847, 23.649600000), (0.000000670, 0.000000000), (0.000000975, 23.630400000), (0.000000800, 0.000000000), (0.000000864, 23.611200000), (0.000000683, 0.000000000), (0.000000857, 23.654400000), (0.000000680, 0.000000000), (0.000000862, 23.572800000), (0.000000680, 0.000000000), (0.000000852, 23.649600000), (0.000000664, 0.000000000), (0.000000857, 23.630400000), (0.000000699, 0.000000000), (0.000000842, 23.611200000), (0.000000685, 0.000000000), (0.000000830, 23.654400000), (0.000000640, 0.000000000), (0.000000835, 23.572800000), (0.000000723, 0.000000000), (0.000000970, 23.649600000), (0.000000883, 0.000000000), (0.000000897, 23.630400000), (0.000000795, 0.000000000), (0.000001100, 23.611200000), (0.000000808, 0.000000000), (0.000000899, 23.654400000), (0.000000672, 0.000000000), (0.000000928, 23.572800000), (0.000000659, 0.000000000), (0.000000831, 23.649600000), (0.000000727, 0.000000000), (0.000000958, 23.630400000), (0.000000669, 0.000000000), (0.000000921, 23.611200000), (0.000000752, 0.000000000), (0.000000895, 23.654400000), (0.000000683, 0.000000000), (0.000000877, 23.572800000), (0.000000647, 0.000000000), (0.000000903, 23.649600000), (0.000000776, 0.000000000), (0.000000888, 23.630400000), (0.000000709, 0.000000000), (0.000001004, 23.611200000), (0.000000695, 0.000000000), (0.000000946, 23.654400000), (0.000000714, 0.000000000), (0.000000908, 23.572800000), (0.000000680, 0.000000000), (0.000000906, 23.649600000), (0.000000761, 0.000000000), (0.000000904, 23.630400000), (0.000000751, 0.000000000), (0.000000925, 23.611200000), (0.000000708, 0.000000000), (0.000001004, 23.654400000), (0.000000696, 0.000000000), (0.000000856, 23.572800000), (0.000000645, 0.000000000), (0.000000882, 23.649600000), (0.000000667, 0.000000000), (0.000000882, 23.630400000), (0.000000709, 0.000000000), (0.000000989, 23.611200000), (0.000000713, 0.000000000)],
"best_19":[(0.000001162, 23.601600000), (0.000000779, 0.000000000), (0.000001161, 23.628000000), (0.000000884, 0.000000000), (0.000001144, 23.640000000), (0.000000856, 0.000000000), (0.000001059, 23.637600000), (0.000000841, 0.000000000), (0.000001069, 23.616000000), (0.000000833, 0.000000000), (0.000001066, 23.601600000), (0.000000760, 0.000000000), (0.000001052, 23.628000000), (0.000000774, 0.000000000), (0.000001011, 23.640000000), (0.000000775, 0.000000000), (0.000000986, 23.637600000), (0.000000810, 0.000000000), (0.000000995, 23.616000000), (0.000000767, 0.000000000), (0.000001082, 23.601600000), (0.000000774, 0.000000000), (0.000001033, 23.628000000), (0.000000781, 0.000000000), (0.000000997, 23.640000000), (0.000000764, 0.000000000), (0.000000990, 23.637600000), (0.000000841, 0.000000000), (0.000001059, 23.616000000), (0.000000778, 0.000000000), (0.000000992, 23.601600000), (0.000000740, 0.000000000), (0.000001017, 23.628000000), (0.000000785, 0.000000000), (0.000001021, 23.640000000), (0.000000763, 0.000000000), (0.000001015, 23.637600000), (0.000000827, 0.000000000), (0.000000999, 23.616000000), (0.000000776, 0.000000000), (0.000001129, 23.601600000), (0.000000862, 0.000000000), (0.000001092, 23.628000000), (0.000000814, 0.000000000), (0.000001127, 23.640000000), (0.000000841, 0.000000000), (0.000001024, 23.637600000), (0.000000785, 0.000000000), (0.000001001, 23.616000000), (0.000000842, 0.000000000), (0.000001087, 23.601600000), (0.000000778, 0.000000000), (0.000001019, 23.628000000), (0.000000773, 0.000000000), (0.000001113, 23.640000000), (0.000000864, 0.000000000), (0.000001054, 23.637600000), (0.000000821, 0.000000000), (0.000001095, 23.616000000), (0.000000889, 0.000000000), (0.000001115, 23.601600000), (0.000000862, 0.000000000), (0.000001082, 23.628000000), (0.000000863, 0.000000000), (0.000001137, 23.640000000), (0.000000837, 0.000000000), (0.000001127, 23.637600000), (0.000001005, 0.000000000), (0.000001357, 23.616000000), (0.000001000, 0.000000000), (0.000001282, 23.601600000), (0.000000926, 0.000000000), (0.000001556, 23.628000000), (0.000000978, 0.000000000), (0.000001237, 23.640000000), (0.000000904, 0.000000000), (0.000001284, 23.637600000), (0.000000927, 0.000000000), (0.000001166, 23.616000000), (0.000001018, 0.000000000), (0.000001317, 23.601600000), (0.000000979, 0.000000000), (0.000001147, 23.628000000), (0.000000876, 0.000000000), (0.000001162, 23.640000000), (0.000000814, 0.000000000), (0.000001083, 23.637600000), (0.000000792, 0.000000000), (0.000001050, 23.616000000), (0.000000891, 0.000000000), (0.000001226, 23.601600000), (0.000000952, 0.000000000), (0.000001249, 23.628000000), (0.000000923, 0.000000000), (0.000001262, 23.640000000), (0.000000943, 0.000000000), (0.000001100, 23.637600000), (0.000000962, 0.000000000), (0.000001221, 23.616000000), (0.000000885, 0.000000000)],
"best_20":[(0.000001410, 23.601600000), (0.000001093, 0.000000000), (0.000001450, 23.532000000), (0.000001058, 0.000000000), (0.000001516, 23.656800000), (0.000001043, 0.000000000), (0.000001269, 23.584800000), (0.000001080, 0.000000000), (0.000001374, 23.656800000), (0.000001072, 0.000000000), (0.000001564, 23.601600000), (0.000001060, 0.000000000), (0.000001461, 23.532000000), (0.000001026, 0.000000000), (0.000001376, 23.656800000), (0.000001088, 0.000000000), (0.000001350, 23.584800000), (0.000001159, 0.000000000), (0.000001445, 23.656800000), (0.000001286, 0.000000000), (0.000001308, 23.601600000), (0.000000969, 0.000000000), (0.000001403, 23.532000000), (0.000001014, 0.000000000), (0.000001326, 23.656800000), (0.000000978, 0.000000000), (0.000001328, 23.584800000), (0.000001038, 0.000000000), (0.000001369, 23.656800000), (0.000000968, 0.000000000), (0.000001220, 23.601600000), (0.000000875, 0.000000000), (0.000001154, 23.532000000), (0.000000917, 0.000000000), (0.000001174, 23.656800000), (0.000000885, 0.000000000), (0.000001123, 23.584800000), (0.000000861, 0.000000000), (0.000001134, 23.656800000), (0.000000900, 0.000000000), (0.000001204, 23.601600000), (0.000000949, 0.000000000), (0.000001210, 23.532000000), (0.000000960, 0.000000000), (0.000001270, 23.656800000), (0.000000902, 0.000000000), (0.000001283, 23.584800000), (0.000000888, 0.000000000), (0.000001161, 23.656800000), (0.000000913, 0.000000000), (0.000001101, 23.601600000), (0.000000886, 0.000000000), (0.000001139, 23.532000000), (0.000000882, 0.000000000), (0.000001207, 23.656800000), (0.000000857, 0.000000000), (0.000001123, 23.584800000), (0.000000857, 0.000000000), (0.000001129, 23.656800000), (0.000000869, 0.000000000), (0.000001098, 23.601600000), (0.000000861, 0.000000000), (0.000001178, 23.532000000), (0.000000878, 0.000000000), (0.000001122, 23.656800000), (0.000000848, 0.000000000), (0.000001124, 23.584800000), (0.000000865, 0.000000000), (0.000001151, 23.656800000), (0.000000879, 0.000000000), (0.000001128, 23.601600000), (0.000000840, 0.000000000), (0.000001152, 23.532000000), (0.000000847, 0.000000000), (0.000001122, 23.656800000), (0.000000841, 0.000000000), (0.000001113, 23.584800000), (0.000000944, 0.000000000), (0.000001278, 23.656800000), (0.000000914, 0.000000000), (0.000001180, 23.601600000), (0.000000856, 0.000000000), (0.000001137, 23.532000000), (0.000000917, 0.000000000), (0.000001136, 23.656800000), (0.000000850, 0.000000000), (0.000001135, 23.584800000), (0.000000878, 0.000000000), (0.000001211, 23.656800000), (0.000000983, 0.000000000), (0.000001151, 23.601600000), (0.000000867, 0.000000000), (0.000001183, 23.532000000), (0.000000857, 0.000000000), (0.000001159, 23.656800000), (0.000000840, 0.000000000), (0.000001121, 23.584800000), (0.000000862, 0.000000000), (0.000001124, 23.656800000), (0.000000866, 0.000000000)],
"best_21":[(0.000001309, 23.630400000), (0.000001010, 0.000000000), (0.000001330, 23.613600000), (0.000001015, 0.000000000), (0.000001334, 23.616000000), (0.000001043, 0.000000000), (0.000001353, 23.635200000), (0.000001034, 0.000000000), (0.000001309, 23.596800000), (0.000001026, 0.000000000), (0.000001295, 23.630400000), (0.000000969, 0.000000000), (0.000001277, 23.613600000), (0.000000961, 0.000000000), (0.000001292, 23.616000000), (0.000000972, 0.000000000), (0.000001292, 23.635200000), (0.000000958, 0.000000000), (0.000001253, 23.596800000), (0.000000980, 0.000000000), (0.000001279, 23.630400000), (0.000000937, 0.000000000), (0.000001275, 23.613600000), (0.000000952, 0.000000000), (0.000001252, 23.616000000), (0.000001053, 0.000000000), (0.000001344, 23.635200000), (0.000001048, 0.000000000), (0.000001447, 23.596800000), (0.000001132, 0.000000000), (0.000001240, 23.630400000), (0.000001058, 0.000000000), (0.000001324, 23.613600000), (0.000000989, 0.000000000), (0.000001398, 23.616000000), (0.000000979, 0.000000000), (0.000001319, 23.635200000), (0.000001074, 0.000000000), (0.000001287, 23.596800000), (0.000000965, 0.000000000), (0.000001211, 23.630400000), (0.000000944, 0.000000000), (0.000001278, 23.613600000), (0.000000962, 0.000000000), (0.000001248, 23.616000000), (0.000000959, 0.000000000), (0.000001242, 23.635200000), (0.000000959, 0.000000000), (0.000001247, 23.596800000), (0.000000975, 0.000000000), (0.000001241, 23.630400000), (0.000001021, 0.000000000), (0.000001461, 23.613600000), (0.000001107, 0.000000000), (0.000001457, 23.616000000), (0.000001035, 0.000000000), (0.000001299, 23.635200000), (0.000000983, 0.000000000), (0.000001286, 23.596800000), (0.000001080, 0.000000000), (0.000001285, 23.630400000), (0.000000993, 0.000000000), (0.000001311, 23.613600000), (0.000000953, 0.000000000), (0.000001258, 23.616000000), (0.000000976, 0.000000000), (0.000001272, 23.635200000), (0.000000962, 0.000000000), (0.000001323, 23.596800000), (0.000000992, 0.000000000), (0.000001267, 23.630400000), (0.000000971, 0.000000000), (0.000001286, 23.613600000), (0.000000956, 0.000000000), (0.000001268, 23.616000000), (0.000001011, 0.000000000), (0.000001387, 23.635200000), (0.000001002, 0.000000000), (0.000001248, 23.596800000), (0.000000979, 0.000000000), (0.000001238, 23.630400000), (0.000000981, 0.000000000), (0.000001290, 23.613600000), (0.000000945, 0.000000000), (0.000001328, 23.616000000), (0.000000950, 0.000000000), (0.000001248, 23.635200000), (0.000000938, 0.000000000), (0.000001256, 23.596800000), (0.000000949, 0.000000000), (0.000001214, 23.630400000), (0.000000980, 0.000000000), (0.000001263, 23.613600000), (0.000000943, 0.000000000), (0.000001265, 23.616000000), (0.000000948, 0.000000000), (0.000001264, 23.635200000), (0.000000956, 0.000000000), (0.000001271, 23.596800000), (0.000000960, 0.000000000)],
"best_22":[(0.000001601, 23.630400000), (0.000001231, 0.000000000), (0.000001681, 23.611200000), (0.000001260, 0.000000000), (0.000001599, 23.656800000), (0.000001243, 0.000000000), (0.000001547, 23.613600000), (0.000001337, 0.000000000), (0.000001558, 23.604000000), (0.000001223, 0.000000000), (0.000001558, 23.630400000), (0.000001157, 0.000000000), (0.000001498, 23.611200000), (0.000001176, 0.000000000), (0.000001482, 23.656800000), (0.000001247, 0.000000000), (0.000001518, 23.613600000), (0.000001237, 0.000000000), (0.000001629, 23.604000000), (0.000001378, 0.000000000), (0.000001471, 23.630400000), (0.000001144, 0.000000000), (0.000001481, 23.611200000), (0.000001171, 0.000000000), (0.000001479, 23.656800000), (0.000001161, 0.000000000), (0.000001591, 23.613600000), (0.000001191, 0.000000000), (0.000001493, 23.604000000), (0.000001164, 0.000000000), (0.000001517, 23.630400000), (0.000001187, 0.000000000), (0.000001526, 23.611200000), (0.000001174, 0.000000000), (0.000001498, 23.656800000), (0.000001181, 0.000000000), (0.000001510, 23.613600000), (0.000001176, 0.000000000), (0.000001525, 23.604000000), (0.000001223, 0.000000000), (0.000001474, 23.630400000), (0.000001135, 0.000000000), (0.000001477, 23.611200000), (0.000001214, 0.000000000), (0.000001499, 23.656800000), (0.000001148, 0.000000000), (0.000001453, 23.613600000), (0.000001159, 0.000000000), (0.000001558, 23.604000000), (0.000001221, 0.000000000), (0.000001482, 23.630400000), (0.000001165, 0.000000000), (0.000001512, 23.611200000), (0.000001151, 0.000000000), (0.000001604, 23.656800000), (0.000001153, 0.000000000), (0.000001472, 23.613600000), (0.000001156, 0.000000000), (0.000001578, 23.604000000), (0.000001162, 0.000000000), (0.000001477, 23.630400000), (0.000001152, 0.000000000), (0.000001611, 23.611200000), (0.000001173, 0.000000000), (0.000001677, 23.656800000), (0.000001409, 0.000000000), (0.000001674, 23.613600000), (0.000001416, 0.000000000), (0.000001528, 23.604000000), (0.000001165, 0.000000000), (0.000001538, 23.630400000), (0.000001183, 0.000000000), (0.000001483, 23.611200000), (0.000001147, 0.000000000), (0.000001503, 23.656800000), (0.000001156, 0.000000000), (0.000001477, 23.613600000), (0.000001138, 0.000000000), (0.000001487, 23.604000000), (0.000001136, 0.000000000), (0.000001417, 23.630400000), (0.000001138, 0.000000000), (0.000001496, 23.611200000), (0.000001145, 0.000000000), (0.000001522, 23.656800000), (0.000001147, 0.000000000), (0.000001531, 23.613600000), (0.000001167, 0.000000000), (0.000001489, 23.604000000), (0.000001157, 0.000000000), (0.000001462, 23.630400000), (0.000001145, 0.000000000), (0.000001498, 23.611200000), (0.000001145, 0.000000000), (0.000001521, 23.656800000), (0.000001144, 0.000000000), (0.000001562, 23.613600000), (0.000001289, 0.000000000), (0.000001798, 23.604000000), (0.000001275, 0.000000000)],
"best_23":[(0.000001832, 23.620800000), (0.000001529, 0.000000000), (0.000001910, 23.594400000), (0.000001496, 0.000000000), (0.000001857, 23.565600000), (0.000001475, 0.000000000), (0.000001864, 23.647200000), (0.000001523, 0.000000000), (0.000001947, 23.580000000), (0.000001723, 0.000000000), (0.000001806, 23.620800000), (0.000001457, 0.000000000), (0.000001829, 23.594400000), (0.000001457, 0.000000000), (0.000001830, 23.565600000), (0.000001450, 0.000000000), (0.000001856, 23.647200000), (0.000001594, 0.000000000), (0.000001958, 23.580000000), (0.000001445, 0.000000000), (0.000001811, 23.620800000), (0.000001423, 0.000000000), (0.000001910, 23.594400000), (0.000001442, 0.000000000), (0.000001958, 23.565600000), (0.000001657, 0.000000000), (0.000002138, 23.647200000), (0.000001602, 0.000000000), (0.000001850, 23.580000000), (0.000001441, 0.000000000), (0.000001843, 23.620800000), (0.000001598, 0.000000000), (0.000001827, 23.594400000), (0.000001467, 0.000000000), (0.000001828, 23.565600000), (0.000001432, 0.000000000), (0.000002056, 23.647200000), (0.000001827, 0.000000000), (0.000002042, 23.580000000), (0.000001744, 0.000000000), (0.000001855, 23.620800000), (0.000001535, 0.000000000), (0.000001872, 23.594400000), (0.000001515, 0.000000000), (0.000001843, 23.565600000), (0.000001475, 0.000000000), (0.000002008, 23.647200000), (0.000001493, 0.000000000), (0.000001902, 23.580000000), (0.000001482, 0.000000000), (0.000001785, 23.620800000), (0.000001457, 0.000000000), (0.000001862, 23.594400000), (0.000001547, 0.000000000), (0.000002149, 23.565600000), (0.000001734, 0.000000000), (0.000002242, 23.647200000), (0.000001509, 0.000000000), (0.000001929, 23.580000000), (0.000001500, 0.000000000), (0.000001792, 23.620800000), (0.000001437, 0.000000000), (0.000001804, 23.594400000), (0.000001459, 0.000000000), (0.000001799, 23.565600000), (0.000001426, 0.000000000), (0.000001876, 23.647200000), (0.000001647, 0.000000000), (0.000002087, 23.580000000), (0.000001655, 0.000000000), (0.000001753, 23.620800000), (0.000001415, 0.000000000), (0.000001815, 23.594400000), (0.000001472, 0.000000000), (0.000001805, 23.565600000), (0.000001453, 0.000000000), (0.000001842, 23.647200000), (0.000001450, 0.000000000), (0.000001870, 23.580000000), (0.000001533, 0.000000000), (0.000001769, 23.620800000), (0.000001466, 0.000000000), (0.000001822, 23.594400000), (0.000001553, 0.000000000), (0.000002114, 23.565600000), (0.000001533, 0.000000000), (0.000002098, 23.647200000), (0.000001448, 0.000000000), (0.000001841, 23.580000000), (0.000001489, 0.000000000), (0.000001742, 23.620800000), (0.000001421, 0.000000000), (0.000001805, 23.594400000), (0.000001440, 0.000000000), (0.000001819, 23.565600000), (0.000001410, 0.000000000), (0.000001816, 23.647200000), (0.000001432, 0.000000000), (0.000001993, 23.580000000), (0.000001590, 0.000000000)],
"best_24":[(0.000002088, 23.604000000), (0.000001720, 0.000000000), (0.000002178, 23.596800000), (0.000001730, 0.000000000), (0.000002199, 23.644800000), (0.000001719, 0.000000000), (0.000002168, 23.592000000), (0.000001763, 0.000000000), (0.000002248, 23.683200000), (0.000001722, 0.000000000), (0.000002101, 23.604000000), (0.000001753, 0.000000000), (0.000002254, 23.596800000), (0.000001711, 0.000000000), (0.000002139, 23.644800000), (0.000001713, 0.000000000), (0.000002122, 23.592000000), (0.000001688, 0.000000000), (0.000002135, 23.683200000), (0.000001811, 0.000000000), (0.000002234, 23.604000000), (0.000001710, 0.000000000), (0.000002184, 23.596800000), (0.000001781, 0.000000000), (0.000002171, 23.644800000), (0.000001681, 0.000000000), (0.000002281, 23.592000000), (0.000001707, 0.000000000), (0.000002298, 23.683200000), (0.000001720, 0.000000000), (0.000002080, 23.604000000), (0.000001661, 0.000000000), (0.000002121, 23.596800000), (0.000001647, 0.000000000), (0.000002141, 23.644800000), (0.000001743, 0.000000000), (0.000002306, 23.592000000), (0.000001831, 0.000000000), (0.000002444, 23.683200000), (0.000001836, 0.000000000), (0.000002684, 23.604000000), (0.000002123, 0.000000000), (0.000002881, 23.596800000), (0.000002179, 0.000000000), (0.000002963, 23.644800000), (0.000002273, 0.000000000), (0.000002557, 23.592000000), (0.000002050, 0.000000000), (0.000002442, 23.683200000), (0.000002208, 0.000000000), (0.000001992, 23.604000000), (0.000001651, 0.000000000), (0.000002148, 23.596800000), (0.000001739, 0.000000000), (0.000002317, 23.644800000), (0.000001920, 0.000000000), (0.000002418, 23.592000000), (0.000001818, 0.000000000), (0.000002287, 23.683200000), (0.000001689, 0.000000000), (0.000002118, 23.604000000), (0.000001791, 0.000000000), (0.000002146, 23.596800000), (0.000001657, 0.000000000), (0.000002146, 23.644800000), (0.000001697, 0.000000000), (0.000002115, 23.592000000), (0.000001676, 0.000000000), (0.000002228, 23.683200000), (0.000001666, 0.000000000), (0.000002009, 23.604000000), (0.000001681, 0.000000000), (0.000002132, 23.596800000), (0.000001632, 0.000000000), (0.000002143, 23.644800000), (0.000001630, 0.000000000), (0.000002116, 23.592000000), (0.000001662, 0.000000000), (0.000002128, 23.683200000), (0.000001726, 0.000000000), (0.000002031, 23.604000000), (0.000001689, 0.000000000), (0.000002105, 23.596800000), (0.000001648, 0.000000000), (0.000002167, 23.644800000), (0.000001661, 0.000000000), (0.000002329, 23.592000000), (0.000001654, 0.000000000), (0.000002210, 23.683200000), (0.000001711, 0.000000000), (0.000001970, 23.604000000), (0.000001663, 0.000000000), (0.000002138, 23.596800000), (0.000001643, 0.000000000), (0.000002460, 23.644800000), (0.000001938, 0.000000000), (0.000002430, 23.592000000), (0.000001665, 0.000000000), (0.000002221, 23.683200000), (0.000001669, 0.000000000)],
"best_25":[(0.000002633, 23.671200000), (0.000002111, 0.000000000), (0.000002671, 23.611200000), (0.000002286, 0.000000000), (0.000002645, 23.620800000), (0.000002146, 0.000000000), (0.000002652, 23.606400000), (0.000002014, 0.000000000), (0.000002836, 23.642400000), (0.000002288, 0.000000000), (0.000002309, 23.671200000), (0.000001897, 0.000000000), (0.000002446, 23.611200000), (0.000001894, 0.000000000), (0.000002506, 23.620800000), (0.000001884, 0.000000000), (0.000002522, 23.606400000), (0.000001931, 0.000000000), (0.000002489, 23.642400000), (0.000001857, 0.000000000), (0.000002348, 23.671200000), (0.000001853, 0.000000000), (0.000002390, 23.611200000), (0.000001838, 0.000000000), (0.000002414, 23.620800000), (0.000002000, 0.000000000), (0.000002458, 23.606400000), (0.000001893, 0.000000000), (0.000002424, 23.642400000), (0.000001873, 0.000000000), (0.000002324, 23.671200000), (0.000001921, 0.000000000), (0.000002453, 23.611200000), (0.000001912, 0.000000000), (0.000002579, 23.620800000), (0.000002040, 0.000000000), (0.000002489, 23.606400000), (0.000001937, 0.000000000), (0.000002448, 23.642400000), (0.000001914, 0.000000000), (0.000002303, 23.671200000), (0.000001926, 0.000000000), (0.000002593, 23.611200000), (0.000001979, 0.000000000), (0.000002541, 23.620800000), (0.000001915, 0.000000000), (0.000002505, 23.606400000), (0.000001918, 0.000000000), (0.000002490, 23.642400000), (0.000001926, 0.000000000), (0.000002424, 23.671200000), (0.000001874, 0.000000000), (0.000002426, 23.611200000), (0.000001906, 0.000000000), (0.000002593, 23.620800000), (0.000001909, 0.000000000), (0.000002484, 23.606400000), (0.000001866, 0.000000000), (0.000002439, 23.642400000), (0.000001875, 0.000000000), (0.000002217, 23.671200000), (0.000001861, 0.000000000), (0.000002431, 23.611200000), (0.000001959, 0.000000000), (0.000002449, 23.620800000), (0.000001890, 0.000000000), (0.000002403, 23.606400000), (0.000001860, 0.000000000), (0.000002450, 23.642400000), (0.000001873, 0.000000000), (0.000002276, 23.671200000), (0.000001843, 0.000000000), (0.000002434, 23.611200000), (0.000002008, 0.000000000), (0.000002482, 23.620800000), (0.000001879, 0.000000000), (0.000002419, 23.606400000), (0.000001843, 0.000000000), (0.000002406, 23.642400000), (0.000001875, 0.000000000), (0.000002225, 23.671200000), (0.000001839, 0.000000000), (0.000002503, 23.611200000), (0.000001860, 0.000000000), (0.000002409, 23.620800000), (0.000001969, 0.000000000), (0.000002405, 23.606400000), (0.000001845, 0.000000000), (0.000002405, 23.642400000), (0.000001830, 0.000000000), (0.000002209, 23.671200000), (0.000001821, 0.000000000), (0.000002413, 23.611200000), (0.000001866, 0.000000000), (0.000002490, 23.620800000), (0.000001824, 0.000000000), (0.000002475, 23.606400000), (0.000001814, 0.000000000), (0.000002430, 23.642400000), (0.000001866, 0.000000000)],
"worst_21":[(0.000000519, 23.534400000), (0.000000435, 0.000000000), (0.000000544, 23.544000000), (0.000000446, 0.000000000), (0.000000557, 23.491200000), (0.000000454, 0.000000000), (0.000000596, 23.486400000), (0.000000456, 0.000000000), (0.000000582, 23.481600000), (0.000000440, 0.000000000), (0.000000516, 23.534400000), (0.000000431, 0.000000000), (0.000000557, 23.544000000), (0.000000449, 0.000000000), (0.000000552, 23.491200000), (0.000000439, 0.000000000), (0.000000599, 23.486400000), (0.000000497, 0.000000000), (0.000000672, 23.481600000), (0.000000525, 0.000000000), (0.000000537, 23.534400000), (0.000000452, 0.000000000), (0.000000604, 23.544000000), (0.000000467, 0.000000000), (0.000000623, 23.491200000), (0.000000464, 0.000000000), (0.000000592, 23.486400000), (0.000000471, 0.000000000), (0.000000619, 23.481600000), (0.000000456, 0.000000000), (0.000000518, 23.534400000), (0.000000444, 0.000000000), (0.000000562, 23.544000000), (0.000000473, 0.000000000), (0.000000582, 23.491200000), (0.000000491, 0.000000000), (0.000000800, 23.486400000), (0.000000472, 0.000000000), (0.000000557, 23.481600000), (0.000000469, 0.000000000), (0.000000515, 23.534400000), (0.000000439, 0.000000000), (0.000000558, 23.544000000), (0.000000442, 0.000000000), (0.000000554, 23.491200000), (0.000000435, 0.000000000), (0.000000560, 23.486400000), (0.000000433, 0.000000000), (0.000000553, 23.481600000), (0.000000453, 0.000000000), (0.000000524, 23.534400000), (0.000000432, 0.000000000), (0.000000558, 23.544000000), (0.000000441, 0.000000000), (0.000000577, 23.491200000), (0.000000444, 0.000000000), (0.000000583, 23.486400000), (0.000000480, 0.000000000), (0.000000594, 23.481600000), (0.000000460, 0.000000000), (0.000000538, 23.534400000), (0.000000429, 0.000000000), (0.000000540, 23.544000000), (0.000000432, 0.000000000), (0.000000551, 23.491200000), (0.000000433, 0.000000000), (0.000000568, 23.486400000), (0.000000447, 0.000000000), (0.000000583, 23.481600000), (0.000000464, 0.000000000), (0.000000534, 23.534400000), (0.000000428, 0.000000000), (0.000000647, 23.544000000), (0.000000422, 0.000000000), (0.000000538, 23.491200000), (0.000000438, 0.000000000), (0.000000553, 23.486400000), (0.000000440, 0.000000000), (0.000000579, 23.481600000), (0.000000460, 0.000000000), (0.000000563, 23.534400000), (0.000000425, 0.000000000), (0.000000703, 23.544000000), (0.000000473, 0.000000000), (0.000000554, 23.491200000), (0.000000440, 0.000000000), (0.000000565, 23.486400000), (0.000000432, 0.000000000), (0.000000566, 23.481600000), (0.000000453, 0.000000000), (0.000000556, 23.534400000), (0.000000446, 0.000000000), (0.000000552, 23.544000000), (0.000000428, 0.000000000), (0.000000576, 23.491200000), (0.000000442, 0.000000000), (0.000000591, 23.486400000), (0.000000445, 0.000000000), (0.000000565, 23.481600000), (0.000000447, 0.000000000)],
"worst_22":[(0.000000582, 23.589600000), (0.000000491, 0.000000000), (0.000000589, 23.596800000), (0.000000491, 0.000000000), (0.000000590, 23.551200000), (0.000000477, 0.000000000), (0.000000651, 23.529600000), (0.000000502, 0.000000000), (0.000000616, 23.520000000), (0.000000485, 0.000000000), (0.000000578, 23.589600000), (0.000000483, 0.000000000), (0.000000577, 23.596800000), (0.000000457, 0.000000000), (0.000000587, 23.551200000), (0.000000473, 0.000000000), (0.000000594, 23.529600000), (0.000000485, 0.000000000), (0.000000605, 23.520000000), (0.000000503, 0.000000000), (0.000000568, 23.589600000), (0.000000466, 0.000000000), (0.000000591, 23.596800000), (0.000000471, 0.000000000), (0.000000570, 23.551200000), (0.000000464, 0.000000000), (0.000000588, 23.529600000), (0.000000477, 0.000000000), (0.000000591, 23.520000000), (0.000000499, 0.000000000), (0.000000560, 23.589600000), (0.000000494, 0.000000000), (0.000000590, 23.596800000), (0.000000487, 0.000000000), (0.000000621, 23.551200000), (0.000000500, 0.000000000), (0.000000593, 23.529600000), (0.000000608, 0.000000000), (0.000000605, 23.520000000), (0.000000488, 0.000000000), (0.000000548, 23.589600000), (0.000000464, 0.000000000), (0.000000591, 23.596800000), (0.000000488, 0.000000000), (0.000000607, 23.551200000), (0.000000518, 0.000000000), (0.000000598, 23.529600000), (0.000000465, 0.000000000), (0.000000595, 23.520000000), (0.000000482, 0.000000000), (0.000000552, 23.589600000), (0.000000491, 0.000000000), (0.000000566, 23.596800000), (0.000000479, 0.000000000), (0.000000591, 23.551200000), (0.000000499, 0.000000000), (0.000000676, 23.529600000), (0.000000572, 0.000000000), (0.000000644, 23.520000000), (0.000000528, 0.000000000), (0.000000624, 23.589600000), (0.000000506, 0.000000000), (0.000000633, 23.596800000), (0.000000525, 0.000000000), (0.000000659, 23.551200000), (0.000000491, 0.000000000), (0.000000609, 23.529600000), (0.000000485, 0.000000000), (0.000000606, 23.520000000), (0.000000487, 0.000000000), (0.000000592, 23.589600000), (0.000000511, 0.000000000), (0.000000607, 23.596800000), (0.000000480, 0.000000000), (0.000000687, 23.551200000), (0.000000492, 0.000000000), (0.000000582, 23.529600000), (0.000000481, 0.000000000), (0.000000617, 23.520000000), (0.000000490, 0.000000000), (0.000000637, 23.589600000), (0.000000472, 0.000000000), (0.000000587, 23.596800000), (0.000000487, 0.000000000), (0.000000596, 23.551200000), (0.000000485, 0.000000000), (0.000000591, 23.529600000), (0.000000490, 0.000000000), (0.000000605, 23.520000000), (0.000000564, 0.000000000), (0.000000558, 23.589600000), (0.000000466, 0.000000000), (0.000000577, 23.596800000), (0.000000476, 0.000000000), (0.000000609, 23.551200000), (0.000000479, 0.000000000), (0.000000583, 23.529600000), (0.000000492, 0.000000000), (0.000000605, 23.520000000), (0.000000505, 0.000000000)],
"worst_23":[(0.000000600, 23.568000000), (0.000000592, 0.000000000), (0.000000606, 23.594400000), (0.000000531, 0.000000000), (0.000000609, 23.654400000), (0.000000594, 0.000000000), (0.000000637, 23.611200000), (0.000000512, 0.000000000), (0.000000635, 23.546400000), (0.000000525, 0.000000000), (0.000000647, 23.568000000), (0.000000529, 0.000000000), (0.000000594, 23.594400000), (0.000000501, 0.000000000), (0.000000613, 23.654400000), (0.000000579, 0.000000000), (0.000000605, 23.611200000), (0.000000517, 0.000000000), (0.000000632, 23.546400000), (0.000000547, 0.000000000), (0.000000672, 23.568000000), (0.000000560, 0.000000000), (0.000000611, 23.594400000), (0.000000504, 0.000000000), (0.000000639, 23.654400000), (0.000000518, 0.000000000), (0.000000725, 23.611200000), (0.000000570, 0.000000000), (0.000000623, 23.546400000), (0.000000539, 0.000000000), (0.000000640, 23.568000000), (0.000000517, 0.000000000), (0.000000620, 23.594400000), (0.000000521, 0.000000000), (0.000000638, 23.654400000), (0.000000551, 0.000000000), (0.000000616, 23.611200000), (0.000000521, 0.000000000), (0.000000637, 23.546400000), (0.000000536, 0.000000000), (0.000000598, 23.568000000), (0.000000696, 0.000000000), (0.000000724, 23.594400000), (0.000000632, 0.000000000), (0.000000826, 23.654400000), (0.000000662, 0.000000000), (0.000000708, 23.611200000), (0.000000639, 0.000000000), (0.000000648, 23.546400000), (0.000000558, 0.000000000), (0.000000634, 23.568000000), (0.000000555, 0.000000000), (0.000000631, 23.594400000), (0.000000696, 0.000000000), (0.000000681, 23.654400000), (0.000000561, 0.000000000), (0.000000690, 23.611200000), (0.000000567, 0.000000000), (0.000000740, 23.546400000), (0.000000574, 0.000000000), (0.000000622, 23.568000000), (0.000000557, 0.000000000), (0.000000619, 23.594400000), (0.000000517, 0.000000000), (0.000000612, 23.654400000), (0.000000517, 0.000000000), (0.000000701, 23.611200000), (0.000000529, 0.000000000), (0.000000658, 23.546400000), (0.000000534, 0.000000000), (0.000000586, 23.568000000), (0.000000521, 0.000000000), (0.000000620, 23.594400000), (0.000000556, 0.000000000), (0.000000619, 23.654400000), (0.000000509, 0.000000000), (0.000000620, 23.611200000), (0.000000635, 0.000000000), (0.000000639, 23.546400000), (0.000000560, 0.000000000), (0.000000673, 23.568000000), (0.000000577, 0.000000000), (0.000000659, 23.594400000), (0.000000511, 0.000000000), (0.000000604, 23.654400000), (0.000000513, 0.000000000), (0.000000671, 23.611200000), (0.000000534, 0.000000000), (0.000000669, 23.546400000), (0.000000529, 0.000000000), (0.000000612, 23.568000000), (0.000000529, 0.000000000), (0.000000828, 23.594400000), (0.000000504, 0.000000000), (0.000000602, 23.654400000), (0.000000503, 0.000000000), (0.000000618, 23.611200000), (0.000000677, 0.000000000), (0.000000626, 23.546400000), (0.000000523, 0.000000000)],
"worst_24":[(0.000000760, 23.608800000), (0.000000618, 0.000000000), (0.000000737, 23.616000000), (0.000000618, 0.000000000), (0.000000737, 23.668800000), (0.000000589, 0.000000000), (0.000000702, 23.589600000), (0.000000607, 0.000000000), (0.000000817, 23.599200000), (0.000000605, 0.000000000), (0.000000721, 23.608800000), (0.000000653, 0.000000000), (0.000000702, 23.616000000), (0.000000626, 0.000000000), (0.000000707, 23.668800000), (0.000000617, 0.000000000), (0.000000739, 23.589600000), (0.000000612, 0.000000000), (0.000000697, 23.599200000), (0.000000728, 0.000000000), (0.000000752, 23.608800000), (0.000000649, 0.000000000), (0.000000709, 23.616000000), (0.000000609, 0.000000000), (0.000000728, 23.668800000), (0.000000616, 0.000000000), (0.000000723, 23.589600000), (0.000000604, 0.000000000), (0.000000731, 23.599200000), (0.000000636, 0.000000000), (0.000000752, 23.608800000), (0.000000641, 0.000000000), (0.000000702, 23.616000000), (0.000000705, 0.000000000), (0.000000689, 23.668800000), (0.000000600, 0.000000000), (0.000000741, 23.589600000), (0.000000596, 0.000000000), (0.000000708, 23.599200000), (0.000000603, 0.000000000), (0.000000719, 23.608800000), (0.000000727, 0.000000000), (0.000000741, 23.616000000), (0.000000649, 0.000000000), (0.000000745, 23.668800000), (0.000000611, 0.000000000), (0.000000698, 23.589600000), (0.000000618, 0.000000000), (0.000000711, 23.599200000), (0.000000603, 0.000000000), (0.000000710, 23.608800000), (0.000000634, 0.000000000), (0.000000805, 23.616000000), (0.000000603, 0.000000000), (0.000000703, 23.668800000), (0.000000668, 0.000000000), (0.000000732, 23.589600000), (0.000000615, 0.000000000), (0.000000716, 23.599200000), (0.000000597, 0.000000000), (0.000000797, 23.608800000), (0.000000749, 0.000000000), (0.000000912, 23.616000000), (0.000000670, 0.000000000), (0.000000764, 23.668800000), (0.000000701, 0.000000000), (0.000000818, 23.589600000), (0.000000701, 0.000000000), (0.000000734, 23.599200000), (0.000000621, 0.000000000), (0.000000747, 23.608800000), (0.000000638, 0.000000000), (0.000000689, 23.616000000), (0.000000616, 0.000000000), (0.000000709, 23.668800000), (0.000000675, 0.000000000), (0.000000719, 23.589600000), (0.000000619, 0.000000000), (0.000000750, 23.599200000), (0.000000619, 0.000000000), (0.000000738, 23.608800000), (0.000000649, 0.000000000), (0.000000670, 23.616000000), (0.000000677, 0.000000000), (0.000000743, 23.668800000), (0.000000608, 0.000000000), (0.000000706, 23.589600000), (0.000000723, 0.000000000), (0.000000744, 23.599200000), (0.000000627, 0.000000000), (0.000000726, 23.608800000), (0.000000643, 0.000000000), (0.000000805, 23.616000000), (0.000000607, 0.000000000), (0.000000691, 23.668800000), (0.000000615, 0.000000000), (0.000000742, 23.589600000), (0.000000607, 0.000000000), (0.000000744, 23.599200000), (0.000000610, 0.000000000)],
"worst_25":[(0.000000797, 23.632800000), (0.000000817, 0.000000000), (0.000000867, 23.656800000), (0.000000783, 0.000000000), (0.000000873, 23.620800000), (0.000000751, 0.000000000), (0.000000864, 23.637600000), (0.000000720, 0.000000000), (0.000000859, 23.635200000), (0.000000748, 0.000000000), (0.000000839, 23.632800000), (0.000000787, 0.000000000), (0.000000862, 23.656800000), (0.000000716, 0.000000000), (0.000000842, 23.620800000), (0.000000750, 0.000000000), (0.000000889, 23.637600000), (0.000000734, 0.000000000), (0.000000860, 23.635200000), (0.000000725, 0.000000000), (0.000000850, 23.632800000), (0.000000827, 0.000000000), (0.000000855, 23.656800000), (0.000000721, 0.000000000), (0.000000863, 23.620800000), (0.000000769, 0.000000000), (0.000001012, 23.637600000), (0.000000701, 0.000000000), (0.000001031, 23.635200000), (0.000000869, 0.000000000), (0.000000835, 23.632800000), (0.000000818, 0.000000000), (0.000000909, 23.656800000), (0.000000735, 0.000000000), (0.000000843, 23.620800000), (0.000000722, 0.000000000), (0.000000869, 23.637600000), (0.000000713, 0.000000000), (0.000000948, 23.635200000), (0.000000755, 0.000000000), (0.000000881, 23.632800000), (0.000000794, 0.000000000), (0.000000894, 23.656800000), (0.000000724, 0.000000000), (0.000000849, 23.620800000), (0.000000717, 0.000000000), (0.000000916, 23.637600000), (0.000000717, 0.000000000), (0.000000848, 23.635200000), (0.000000724, 0.000000000), (0.000000819, 23.632800000), (0.000000844, 0.000000000), (0.000000936, 23.656800000), (0.000000751, 0.000000000), (0.000000873, 23.620800000), (0.000000787, 0.000000000), (0.000000886, 23.637600000), (0.000000736, 0.000000000), (0.000000858, 23.635200000), (0.000000728, 0.000000000), (0.000000838, 23.632800000), (0.000000737, 0.000000000), (0.000000841, 23.656800000), (0.000000701, 0.000000000), (0.000000900, 23.620800000), (0.000000760, 0.000000000), (0.000000959, 23.637600000), (0.000000729, 0.000000000), (0.000000880, 23.635200000), (0.000000759, 0.000000000), (0.000000866, 23.632800000), (0.000000859, 0.000000000), (0.000000863, 23.656800000), (0.000000739, 0.000000000), (0.000000885, 23.620800000), (0.000000742, 0.000000000), (0.000000877, 23.637600000), (0.000000723, 0.000000000), (0.000000836, 23.635200000), (0.000000721, 0.000000000), (0.000000826, 23.632800000), (0.000000764, 0.000000000), (0.000000893, 23.656800000), (0.000000721, 0.000000000), (0.000000911, 23.620800000), (0.000000776, 0.000000000), (0.000000927, 23.637600000), (0.000000761, 0.000000000), (0.000000856, 23.635200000), (0.000000739, 0.000000000), (0.000000857, 23.632800000), (0.000000773, 0.000000000), (0.000000885, 23.656800000), (0.000000734, 0.000000000), (0.000000840, 23.620800000), (0.000000728, 0.000000000), (0.000000855, 23.637600000), (0.000000709, 0.000000000), (0.000000856, 23.635200000), (0.000000720, 0.000000000)],
"worst_26":[(0.000000981, 23.618400000), (0.000000916, 0.000000000), (0.000001090, 23.640000000), (0.000000891, 0.000000000), (0.000001032, 23.661600000), (0.000000903, 0.000000000), (0.000001059, 23.587200000), (0.000000883, 0.000000000), (0.000001086, 23.623200000), (0.000000878, 0.000000000), (0.000001026, 23.618400000), (0.000000981, 0.000000000), (0.000001003, 23.640000000), (0.000000863, 0.000000000), (0.000001028, 23.661600000), (0.000000847, 0.000000000), (0.000001017, 23.587200000), (0.000000892, 0.000000000), (0.000001059, 23.623200000), (0.000000968, 0.000000000), (0.000001018, 23.618400000), (0.000001011, 0.000000000), (0.000001174, 23.640000000), (0.000000947, 0.000000000), (0.000001104, 23.661600000), (0.000000976, 0.000000000), (0.000001211, 23.587200000), (0.000000920, 0.000000000), (0.000001069, 23.623200000), (0.000001114, 0.000000000), (0.000001048, 23.618400000), (0.000001083, 0.000000000), (0.000001168, 23.640000000), (0.000001031, 0.000000000), (0.000001228, 23.661600000), (0.000000921, 0.000000000), (0.000001079, 23.587200000), (0.000000897, 0.000000000), (0.000001070, 23.623200000), (0.000000986, 0.000000000), (0.000001160, 23.618400000), (0.000001085, 0.000000000), (0.000001101, 23.640000000), (0.000000986, 0.000000000), (0.000001125, 23.661600000), (0.000000926, 0.000000000), (0.000001079, 23.587200000), (0.000001011, 0.000000000), (0.000001304, 23.623200000), (0.000000977, 0.000000000), (0.000000967, 23.618400000), (0.000000901, 0.000000000), (0.000001028, 23.640000000), (0.000000887, 0.000000000), (0.000001163, 23.661600000), (0.000000987, 0.000000000), (0.000001120, 23.587200000), (0.000000954, 0.000000000), (0.000001022, 23.623200000), (0.000000876, 0.000000000), (0.000001030, 23.618400000), (0.000000962, 0.000000000), (0.000001151, 23.640000000), (0.000000964, 0.000000000), (0.000001091, 23.661600000), (0.000000891, 0.000000000), (0.000001041, 23.587200000), (0.000001039, 0.000000000), (0.000001225, 23.623200000), (0.000001114, 0.000000000), (0.000001118, 23.618400000), (0.000001608, 0.000000000), (0.000001253, 23.640000000), (0.000000933, 0.000000000), (0.000001036, 23.661600000), (0.000000876, 0.000000000), (0.000001178, 23.587200000), (0.000000926, 0.000000000), (0.000001116, 23.623200000), (0.000000991, 0.000000000), (0.000001031, 23.618400000), (0.000000915, 0.000000000), (0.000001012, 23.640000000), (0.000000876, 0.000000000), (0.000001075, 23.661600000), (0.000000973, 0.000000000), (0.000001064, 23.587200000), (0.000000947, 0.000000000), (0.000001058, 23.623200000), (0.000000924, 0.000000000), (0.000001029, 23.618400000), (0.000000965, 0.000000000), (0.000001134, 23.640000000), (0.000000933, 0.000000000), (0.000001096, 23.661600000), (0.000000925, 0.000000000), (0.000001088, 23.587200000), (0.000000866, 0.000000000), (0.000001019, 23.623200000), (0.000000842, 0.000000000)],
"worst_27":[(0.000001168, 23.671200000), (0.000001124, 0.000000000), (0.000001182, 23.565600000), (0.000001020, 0.000000000), (0.000001220, 23.620800000), (0.000001040, 0.000000000), (0.000001289, 23.628000000), (0.000001024, 0.000000000), (0.000001171, 23.596800000), (0.000001019, 0.000000000), (0.000001136, 23.671200000), (0.000001058, 0.000000000), (0.000001175, 23.565600000), (0.000001004, 0.000000000), (0.000001183, 23.620800000), (0.000000994, 0.000000000), (0.000001164, 23.628000000), (0.000001072, 0.000000000), (0.000001182, 23.596800000), (0.000001001, 0.000000000), (0.000001151, 23.671200000), (0.000001049, 0.000000000), (0.000001233, 23.565600000), (0.000001013, 0.000000000), (0.000001167, 23.620800000), (0.000001003, 0.000000000), (0.000001178, 23.628000000), (0.000000998, 0.000000000), (0.000001161, 23.596800000), (0.000001005, 0.000000000), (0.000001259, 23.671200000), (0.000001133, 0.000000000), (0.000001190, 23.565600000), (0.000001005, 0.000000000), (0.000001178, 23.620800000), (0.000001029, 0.000000000), (0.000001182, 23.628000000), (0.000001006, 0.000000000), (0.000001180, 23.596800000), (0.000001156, 0.000000000), (0.000001357, 23.671200000), (0.000001215, 0.000000000), (0.000001319, 23.565600000), (0.000001058, 0.000000000), (0.000001185, 23.620800000), (0.000001031, 0.000000000), (0.000001194, 23.628000000), (0.000001007, 0.000000000), (0.000001188, 23.596800000), (0.000001075, 0.000000000), (0.000001153, 23.671200000), (0.000001064, 0.000000000), (0.000001155, 23.565600000), (0.000001093, 0.000000000), (0.000001204, 23.620800000), (0.000001024, 0.000000000), (0.000001192, 23.628000000), (0.000000994, 0.000000000), (0.000001160, 23.596800000), (0.000000997, 0.000000000), (0.000001210, 23.671200000), (0.000001067, 0.000000000), (0.000001183, 23.565600000), (0.000001026, 0.000000000), (0.000001262, 23.620800000), (0.000001135, 0.000000000), (0.000001461, 23.628000000), (0.000001158, 0.000000000), (0.000001282, 23.596800000), (0.000001141, 0.000000000), (0.000001125, 23.671200000), (0.000001093, 0.000000000), (0.000001239, 23.565600000), (0.000001053, 0.000000000), (0.000001243, 23.620800000), (0.000001097, 0.000000000), (0.000001325, 23.628000000), (0.000001176, 0.000000000), (0.000001469, 23.596800000), (0.000001181, 0.000000000), (0.000001640, 23.671200000), (0.000001511, 0.000000000), (0.000001603, 23.565600000), (0.000001279, 0.000000000), (0.000001238, 23.620800000), (0.000001068, 0.000000000), (0.000001192, 23.628000000), (0.000001066, 0.000000000), (0.000001250, 23.596800000), (0.000001028, 0.000000000), (0.000001127, 23.671200000), (0.000001159, 0.000000000), (0.000001200, 23.565600000), (0.000001017, 0.000000000), (0.000001204, 23.620800000), (0.000001250, 0.000000000), (0.000001439, 23.628000000), (0.000001059, 0.000000000), (0.000001213, 23.596800000), (0.000001003, 0.000000000)],
"worst_28":[(0.000001316, 23.611200000), (0.000002293, 0.000000000), (0.000002482, 23.594400000), (0.000001661, 0.000000000), (0.000001620, 23.601600000), (0.000001260, 0.000000000), (0.000001468, 23.668800000), (0.000001295, 0.000000000), (0.000001494, 23.637600000), (0.000001232, 0.000000000), (0.000001527, 23.611200000), (0.000001622, 0.000000000), (0.000001844, 23.594400000), (0.000001491, 0.000000000), (0.000001535, 23.601600000), (0.000001563, 0.000000000), (0.000001724, 23.668800000), (0.000001303, 0.000000000), (0.000001494, 23.637600000), (0.000001287, 0.000000000), (0.000001556, 23.611200000), (0.000001574, 0.000000000), (0.000001541, 23.594400000), (0.000001216, 0.000000000), (0.000001641, 23.601600000), (0.000001286, 0.000000000), (0.000001457, 23.668800000), (0.000001157, 0.000000000), (0.000001352, 23.637600000), (0.000001328, 0.000000000), (0.000001329, 23.611200000), (0.000001231, 0.000000000), (0.000001395, 23.594400000), (0.000001214, 0.000000000), (0.000001363, 23.601600000), (0.000001210, 0.000000000), (0.000001433, 23.668800000), (0.000001275, 0.000000000), (0.000001511, 23.637600000), (0.000001261, 0.000000000), (0.000001430, 23.611200000), (0.000001324, 0.000000000), (0.000001425, 23.594400000), (0.000001206, 0.000000000), (0.000001357, 23.601600000), (0.000001199, 0.000000000), (0.000001361, 23.668800000), (0.000001179, 0.000000000), (0.000001424, 23.637600000), (0.000001159, 0.000000000), (0.000001665, 23.611200000), (0.000001502, 0.000000000), (0.000001650, 23.594400000), (0.000001487, 0.000000000), (0.000001582, 23.601600000), (0.000001507, 0.000000000), (0.000001563, 23.668800000), (0.000001400, 0.000000000), (0.000001720, 23.637600000), (0.000001412, 0.000000000), (0.000001572, 23.611200000), (0.000001548, 0.000000000), (0.000001563, 23.594400000), (0.000001535, 0.000000000), (0.000001609, 23.601600000), (0.000001475, 0.000000000), (0.000001505, 23.668800000), (0.000001224, 0.000000000), (0.000001413, 23.637600000), (0.000001192, 0.000000000), (0.000001924, 23.611200000), (0.000001688, 0.000000000), (0.000001769, 23.594400000), (0.000001593, 0.000000000), (0.000001590, 23.601600000), (0.000001760, 0.000000000), (0.000001501, 23.668800000), (0.000001422, 0.000000000), (0.000001552, 23.637600000), (0.000001484, 0.000000000), (0.000001468, 23.611200000), (0.000001315, 0.000000000), (0.000001386, 23.594400000), (0.000001249, 0.000000000), (0.000001503, 23.601600000), (0.000001333, 0.000000000), (0.000001870, 23.668800000), (0.000001568, 0.000000000), (0.000001947, 23.637600000), (0.000001591, 0.000000000), (0.000001631, 23.611200000), (0.000001740, 0.000000000), (0.000001651, 23.594400000), (0.000001493, 0.000000000), (0.000001575, 23.601600000), (0.000001346, 0.000000000), (0.000001550, 23.668800000), (0.000001357, 0.000000000), (0.000001538, 23.637600000), (0.000001703, 0.000000000)],
"worst_29":[(0.000001566, 23.628000000), (0.000001666, 0.000000000), (0.000001847, 23.575200000), (0.000001727, 0.000000000), (0.000001683, 23.632800000), (0.000001621, 0.000000000), (0.000001788, 23.642400000), (0.000001639, 0.000000000), (0.000001616, 23.582400000), (0.000001607, 0.000000000), (0.000002018, 23.628000000), (0.000001770, 0.000000000), (0.000001750, 23.575200000), (0.000001635, 0.000000000), (0.000001979, 23.632800000), (0.000002002, 0.000000000), (0.000002120, 23.642400000), (0.000001999, 0.000000000), (0.000001854, 23.582400000), (0.000001468, 0.000000000), (0.000001866, 23.628000000), (0.000001843, 0.000000000), (0.000001638, 23.575200000), (0.000001457, 0.000000000), (0.000001806, 23.632800000), (0.000001633, 0.000000000), (0.000001649, 23.642400000), (0.000001572, 0.000000000), (0.000001748, 23.582400000), (0.000001581, 0.000000000), (0.000001753, 23.628000000), (0.000001746, 0.000000000), (0.000001679, 23.575200000), (0.000001587, 0.000000000), (0.000001670, 23.632800000), (0.000001583, 0.000000000), (0.000001748, 23.642400000), (0.000001387, 0.000000000), (0.000001525, 23.582400000), (0.000001412, 0.000000000), (0.000001982, 23.628000000), (0.000002151, 0.000000000), (0.000001637, 23.575200000), (0.000001428, 0.000000000), (0.000001733, 23.632800000), (0.000001404, 0.000000000), (0.000001618, 23.642400000), (0.000001495, 0.000000000), (0.000001512, 23.582400000), (0.000001382, 0.000000000), (0.000001513, 23.628000000), (0.000001659, 0.000000000), (0.000001728, 23.575200000), (0.000001446, 0.000000000), (0.000001633, 23.632800000), (0.000001551, 0.000000000), (0.000001603, 23.642400000), (0.000001385, 0.000000000), (0.000001621, 23.582400000), (0.000001429, 0.000000000), (0.000001609, 23.628000000), (0.000001524, 0.000000000), (0.000001673, 23.575200000), (0.000001473, 0.000000000), (0.000003170, 23.632800000), (0.000002834, 0.000000000), (0.000001706, 23.642400000), (0.000001469, 0.000000000), (0.000001513, 23.582400000), (0.000001442, 0.000000000), (0.000001579, 23.628000000), (0.000001524, 0.000000000), (0.000001503, 23.575200000), (0.000001428, 0.000000000), (0.000001528, 23.632800000), (0.000001340, 0.000000000), (0.000001681, 23.642400000), (0.000001658, 0.000000000), (0.000001743, 23.582400000), (0.000001449, 0.000000000), (0.000001604, 23.628000000), (0.000001478, 0.000000000), (0.000001551, 23.575200000), (0.000001639, 0.000000000), (0.000001775, 23.632800000), (0.000001556, 0.000000000), (0.000001573, 23.642400000), (0.000001704, 0.000000000), (0.000001627, 23.582400000), (0.000001395, 0.000000000), (0.000001468, 23.628000000), (0.000001458, 0.000000000), (0.000001715, 23.575200000), (0.000001526, 0.000000000), (0.000001993, 23.632800000), (0.000001339, 0.000000000), (0.000001728, 23.642400000), (0.000001445, 0.000000000), (0.000001518, 23.582400000), (0.000001316, 0.000000000)],
"worst_30":[(0.000001819, 23.594400000), (0.000001700, 0.000000000), (0.000001711, 23.608800000), (0.000001656, 0.000000000), (0.000001684, 23.640000000), (0.000001702, 0.000000000), (0.000001885, 23.640000000), (0.000001640, 0.000000000), (0.000001799, 23.649600000), (0.000001716, 0.000000000), (0.000001655, 23.594400000), (0.000001623, 0.000000000), (0.000001691, 23.608800000), (0.000001673, 0.000000000), (0.000001672, 23.640000000), (0.000001622, 0.000000000), (0.000001685, 23.640000000), (0.000001659, 0.000000000), (0.000001783, 23.649600000), (0.000001585, 0.000000000), (0.000001672, 23.594400000), (0.000001650, 0.000000000), (0.000001694, 23.608800000), (0.000001644, 0.000000000), (0.000001685, 23.640000000), (0.000001491, 0.000000000), (0.000001968, 23.640000000), (0.000001828, 0.000000000), (0.000002230, 23.649600000), (0.000002205, 0.000000000), (0.000001788, 23.594400000), (0.000001864, 0.000000000), (0.000001948, 23.608800000), (0.000001606, 0.000000000), (0.000001740, 23.640000000), (0.000001621, 0.000000000), (0.000001675, 23.640000000), (0.000001530, 0.000000000), (0.000001706, 23.649600000), (0.000001882, 0.000000000), (0.000001994, 23.594400000), (0.000001910, 0.000000000), (0.000001996, 23.608800000), (0.000001754, 0.000000000), (0.000001971, 23.640000000), (0.000001612, 0.000000000), (0.000001688, 23.640000000), (0.000001680, 0.000000000), (0.000001704, 23.649600000), (0.000001675, 0.000000000), (0.000001671, 23.594400000), (0.000001672, 0.000000000), (0.000001859, 23.608800000), (0.000001605, 0.000000000), (0.000001730, 23.640000000), (0.000001557, 0.000000000), (0.000001771, 23.640000000), (0.000001591, 0.000000000), (0.000001697, 23.649600000), (0.000001577, 0.000000000), (0.000001681, 23.594400000), (0.000001723, 0.000000000), (0.000001789, 23.608800000), (0.000001730, 0.000000000), (0.000001929, 23.640000000), (0.000001848, 0.000000000), (0.000002047, 23.640000000), (0.000001888, 0.000000000), (0.000001836, 23.649600000), (0.000001682, 0.000000000), (0.000001728, 23.594400000), (0.000001812, 0.000000000), (0.000001778, 23.608800000), (0.000001661, 0.000000000), (0.000001745, 23.640000000), (0.000001604, 0.000000000), (0.000001734, 23.640000000), (0.000001522, 0.000000000), (0.000001775, 23.649600000), (0.000001573, 0.000000000), (0.000001729, 23.594400000), (0.000001600, 0.000000000), (0.000001774, 23.608800000), (0.000001654, 0.000000000), (0.000001667, 23.640000000), (0.000001575, 0.000000000), (0.000001631, 23.640000000), (0.000001664, 0.000000000), (0.000001787, 23.649600000), (0.000001591, 0.000000000), (0.000002062, 23.594400000), (0.000002334, 0.000000000), (0.000002027, 23.608800000), (0.000001914, 0.000000000), (0.000001982, 23.640000000), (0.000001721, 0.000000000), (0.000002030, 23.640000000), (0.000001730, 0.000000000), (0.000002022, 23.649600000), (0.000001902, 0.000000000)],
"worst_31":[(0.000002201, 23.608800000), (0.000002265, 0.000000000), (0.000002366, 23.676000000), (0.000002091, 0.000000000), (0.000002393, 23.647200000), (0.000002225, 0.000000000), (0.000002250, 23.652000000), (0.000002234, 0.000000000), (0.000002471, 23.642400000), (0.000002116, 0.000000000), (0.000002473, 23.608800000), (0.000002300, 0.000000000), (0.000002434, 23.676000000), (0.000002042, 0.000000000), (0.000002307, 23.647200000), (0.000002444, 0.000000000), (0.000002702, 23.652000000), (0.000002507, 0.000000000), (0.000002301, 23.642400000), (0.000002146, 0.000000000), (0.000002143, 23.608800000), (0.000002299, 0.000000000), (0.000002161, 23.676000000), (0.000002343, 0.000000000), (0.000002319, 23.647200000), (0.000002119, 0.000000000), (0.000002432, 23.652000000), (0.000002178, 0.000000000), (0.000002238, 23.642400000), (0.000002215, 0.000000000), (0.000002138, 23.608800000), (0.000002382, 0.000000000), (0.000002627, 23.676000000), (0.000002286, 0.000000000), (0.000002174, 23.647200000), (0.000002140, 0.000000000), (0.000002434, 23.652000000), (0.000002374, 0.000000000), (0.000002328, 23.642400000), (0.000002069, 0.000000000), (0.000002034, 23.608800000), (0.000002053, 0.000000000), (0.000002407, 23.676000000), (0.000002255, 0.000000000), (0.000002133, 23.647200000), (0.000002231, 0.000000000), (0.000002120, 23.652000000), (0.000002062, 0.000000000), (0.000002259, 23.642400000), (0.000002153, 0.000000000), (0.000002008, 23.608800000), (0.000001982, 0.000000000), (0.000002162, 23.676000000), (0.000001871, 0.000000000), (0.000001978, 23.647200000), (0.000001922, 0.000000000), (0.000002059, 23.652000000), (0.000002160, 0.000000000), (0.000002325, 23.642400000), (0.000002153, 0.000000000), (0.000002311, 23.608800000), (0.000001947, 0.000000000), (0.000001981, 23.676000000), (0.000001863, 0.000000000), (0.000001981, 23.647200000), (0.000001787, 0.000000000), (0.000001909, 23.652000000), (0.000001781, 0.000000000), (0.000002273, 23.642400000), (0.000002078, 0.000000000), (0.000001908, 23.608800000), (0.000001864, 0.000000000), (0.000001821, 23.676000000), (0.000001827, 0.000000000), (0.000002134, 23.647200000), (0.000001881, 0.000000000), (0.000001924, 23.652000000), (0.000001823, 0.000000000), (0.000002105, 23.642400000), (0.000001762, 0.000000000), (0.000001732, 23.608800000), (0.000001815, 0.000000000), (0.000002034, 23.676000000), (0.000002112, 0.000000000), (0.000002056, 23.647200000), (0.000001791, 0.000000000), (0.000001915, 23.652000000), (0.000001759, 0.000000000), (0.000001881, 23.642400000), (0.000001890, 0.000000000), (0.000001806, 23.608800000), (0.000001821, 0.000000000), (0.000001830, 23.676000000), (0.000001726, 0.000000000), (0.000001833, 23.647200000), (0.000001783, 0.000000000), (0.000001834, 23.652000000), (0.000001692, 0.000000000), (0.000001862, 23.642400000), (0.000001722, 0.000000000)],
"worst_32":[(0.000001965, 23.628000000), (0.000002159, 0.000000000), (0.000002277, 23.601600000), (0.000002032, 0.000000000), (0.000002333, 23.620800000), (0.000002071, 0.000000000), (0.000002129, 23.599200000), (0.000002061, 0.000000000), (0.000002129, 23.649600000), (0.000001920, 0.000000000), (0.000001942, 23.628000000), (0.000002236, 0.000000000), (0.000002106, 23.601600000), (0.000002016, 0.000000000), (0.000002118, 23.620800000), (0.000001985, 0.000000000), (0.000002066, 23.599200000), (0.000001962, 0.000000000), (0.000002088, 23.649600000), (0.000001941, 0.000000000), (0.000002358, 23.628000000), (0.000002345, 0.000000000), (0.000002063, 23.601600000), (0.000001974, 0.000000000), (0.000002139, 23.620800000), (0.000002226, 0.000000000), (0.000002114, 23.599200000), (0.000001964, 0.000000000), (0.000002096, 23.649600000), (0.000001971, 0.000000000), (0.000002098, 23.628000000), (0.000002120, 0.000000000), (0.000002080, 23.601600000), (0.000002113, 0.000000000), (0.000002061, 23.620800000), (0.000001979, 0.000000000), (0.000002521, 23.599200000), (0.000002366, 0.000000000), (0.000002329, 23.649600000), (0.000002110, 0.000000000), (0.000001993, 23.628000000), (0.000002090, 0.000000000), (0.000002069, 23.601600000), (0.000002080, 0.000000000), (0.000002099, 23.620800000), (0.000002021, 0.000000000), (0.000002113, 23.599200000), (0.000001989, 0.000000000), (0.000002128, 23.649600000), (0.000001905, 0.000000000), (0.000001936, 23.628000000), (0.000002136, 0.000000000), (0.000002052, 23.601600000), (0.000001987, 0.000000000), (0.000002071, 23.620800000), (0.000002019, 0.000000000), (0.000002075, 23.599200000), (0.000001995, 0.000000000), (0.000002161, 23.649600000), (0.000002290, 0.000000000), (0.000002087, 23.628000000), (0.000002113, 0.000000000), (0.000002050, 23.601600000), (0.000002024, 0.000000000), (0.000002043, 23.620800000), (0.000001912, 0.000000000), (0.000002046, 23.599200000), (0.000001915, 0.000000000), (0.000002032, 23.649600000), (0.000002008, 0.000000000), (0.000001941, 23.628000000), (0.000002084, 0.000000000), (0.000002012, 23.601600000), (0.000001977, 0.000000000), (0.000002038, 23.620800000), (0.000001978, 0.000000000), (0.000002128, 23.599200000), (0.000001961, 0.000000000), (0.000002131, 23.649600000), (0.000001954, 0.000000000), (0.000002072, 23.628000000), (0.000002187, 0.000000000), (0.000002054, 23.601600000), (0.000001968, 0.000000000), (0.000002038, 23.620800000), (0.000001924, 0.000000000), (0.000002026, 23.599200000), (0.000001938, 0.000000000), (0.000002049, 23.649600000), (0.000001918, 0.000000000), (0.000002166, 23.628000000), (0.000002073, 0.000000000), (0.000002031, 23.601600000), (0.000002001, 0.000000000), (0.000002158, 23.620800000), (0.000001989, 0.000000000), (0.000002049, 23.599200000), (0.000001963, 0.000000000), (0.000002077, 23.649600000), (0.000001996, 0.000000000)],
"worst_33":[(0.000002592, 23.630400000), (0.000002463, 0.000000000), (0.000002355, 23.596800000), (0.000002295, 0.000000000), (0.000002535, 23.592000000), (0.000002262, 0.000000000), (0.000002386, 23.649600000), (0.000002342, 0.000000000), (0.000002350, 23.618400000), (0.000002223, 0.000000000), (0.000002251, 23.630400000), (0.000002512, 0.000000000), (0.000002356, 23.596800000), (0.000002335, 0.000000000), (0.000002370, 23.592000000), (0.000002323, 0.000000000), (0.000002366, 23.649600000), (0.000002328, 0.000000000), (0.000002392, 23.618400000), (0.000002208, 0.000000000), (0.000002235, 23.630400000), (0.000002494, 0.000000000), (0.000002409, 23.596800000), (0.000002276, 0.000000000), (0.000002345, 23.592000000), (0.000002434, 0.000000000), (0.000002473, 23.649600000), (0.000002226, 0.000000000), (0.000002371, 23.618400000), (0.000002213, 0.000000000), (0.000002182, 23.630400000), (0.000002392, 0.000000000), (0.000002337, 23.596800000), (0.000002280, 0.000000000), (0.000002400, 23.592000000), (0.000002222, 0.000000000), (0.000002428, 23.649600000), (0.000002233, 0.000000000), (0.000002361, 23.618400000), (0.000002248, 0.000000000), (0.000002507, 23.630400000), (0.000002554, 0.000000000), (0.000002383, 23.596800000), (0.000002300, 0.000000000), (0.000002384, 23.592000000), (0.000002281, 0.000000000), (0.000002366, 23.649600000), (0.000002250, 0.000000000), (0.000002570, 23.618400000), (0.000002217, 0.000000000), (0.000002210, 23.630400000), (0.000002461, 0.000000000), (0.000002337, 23.596800000), (0.000002488, 0.000000000), (0.000002360, 23.592000000), (0.000002251, 0.000000000), (0.000002473, 23.649600000), (0.000002400, 0.000000000), (0.000002389, 23.618400000), (0.000002225, 0.000000000), (0.000002150, 23.630400000), (0.000002532, 0.000000000), (0.000002399, 23.596800000), (0.000002285, 0.000000000), (0.000002327, 23.592000000), (0.000002236, 0.000000000), (0.000002414, 23.649600000), (0.000002223, 0.000000000), (0.000002372, 23.618400000), (0.000002225, 0.000000000), (0.000002245, 23.630400000), (0.000002442, 0.000000000), (0.000002437, 23.596800000), (0.000002272, 0.000000000), (0.000002402, 23.592000000), (0.000002421, 0.000000000), (0.000002379, 23.649600000), (0.000002244, 0.000000000), (0.000002371, 23.618400000), (0.000002228, 0.000000000), (0.000002336, 23.630400000), (0.000002447, 0.000000000), (0.000002361, 23.596800000), (0.000002450, 0.000000000), (0.000002376, 23.592000000), (0.000002308, 0.000000000), (0.000002383, 23.649600000), (0.000002272, 0.000000000), (0.000002328, 23.618400000), (0.000002393, 0.000000000), (0.000002337, 23.630400000), (0.000002488, 0.000000000), (0.000002335, 23.596800000), (0.000002342, 0.000000000), (0.000002365, 23.592000000), (0.000002370, 0.000000000), (0.000002324, 23.649600000), (0.000002296, 0.000000000), (0.000002401, 23.618400000), (0.000002203, 0.000000000)],
"worst_34":[(0.000002463, 23.577600000), (0.000002823, 0.000000000), (0.000002830, 23.613600000), (0.000002662, 0.000000000), (0.000002673, 23.584800000), (0.000002614, 0.000000000), (0.000002692, 23.601600000), (0.000002559, 0.000000000), (0.000002677, 23.637600000), (0.000002563, 0.000000000), (0.000002487, 23.577600000), (0.000002724, 0.000000000), (0.000002787, 23.613600000), (0.000002731, 0.000000000), (0.000002729, 23.584800000), (0.000002658, 0.000000000), (0.000002707, 23.601600000), (0.000002533, 0.000000000), (0.000002754, 23.637600000), (0.000002554, 0.000000000), (0.000002587, 23.577600000), (0.000002844, 0.000000000), (0.000002747, 23.613600000), (0.000002631, 0.000000000), (0.000002684, 23.584800000), (0.000002545, 0.000000000), (0.000002666, 23.601600000), (0.000002538, 0.000000000), (0.000002808, 23.637600000), (0.000002543, 0.000000000), (0.000002615, 23.577600000), (0.000002755, 0.000000000), (0.000002711, 23.613600000), (0.000002586, 0.000000000), (0.000002669, 23.584800000), (0.000002562, 0.000000000), (0.000002729, 23.601600000), (0.000002653, 0.000000000), (0.000003059, 23.637600000), (0.000002911, 0.000000000), (0.000002546, 23.577600000), (0.000002720, 0.000000000), (0.000002654, 23.613600000), (0.000002640, 0.000000000), (0.000002702, 23.584800000), (0.000002592, 0.000000000), (0.000002783, 23.601600000), (0.000002593, 0.000000000), (0.000002804, 23.637600000), (0.000002532, 0.000000000), (0.000002610, 23.577600000), (0.000002792, 0.000000000), (0.000002714, 23.613600000), (0.000002890, 0.000000000), (0.000002714, 23.584800000), (0.000002584, 0.000000000), (0.000002773, 23.601600000), (0.000002574, 0.000000000), (0.000002731, 23.637600000), (0.000002872, 0.000000000), (0.000002956, 23.577600000), (0.000003246, 0.000000000), (0.000002767, 23.613600000), (0.000002658, 0.000000000), (0.000002830, 23.584800000), (0.000002687, 0.000000000), (0.000002717, 23.601600000), (0.000002644, 0.000000000), (0.000002741, 23.637600000), (0.000002538, 0.000000000), (0.000002532, 23.577600000), (0.000002803, 0.000000000), (0.000002804, 23.613600000), (0.000002807, 0.000000000), (0.000002778, 23.584800000), (0.000002582, 0.000000000), (0.000002693, 23.601600000), (0.000002558, 0.000000000), (0.000002751, 23.637600000), (0.000002630, 0.000000000), (0.000002520, 23.577600000), (0.000003386, 0.000000000), (0.000002869, 23.613600000), (0.000002775, 0.000000000), (0.000002893, 23.584800000), (0.000004004, 0.000000000), (0.000004175, 23.601600000), (0.000002986, 0.000000000), (0.000003035, 23.637600000), (0.000002719, 0.000000000), (0.000002633, 23.577600000), (0.000002832, 0.000000000), (0.000002697, 23.613600000), (0.000002626, 0.000000000), (0.000002697, 23.584800000), (0.000002628, 0.000000000), (0.000002710, 23.601600000), (0.000002570, 0.000000000), (0.000003030, 23.637600000), (0.000002591, 0.000000000)],
"worst_35":[(0.000002864, 23.608800000), (0.000003295, 0.000000000), (0.000003122, 23.644800000), (0.000003105, 0.000000000), (0.000003059, 23.640000000), (0.000003015, 0.000000000), (0.000003231, 23.608800000), (0.000002962, 0.000000000), (0.000003094, 23.616000000), (0.000002918, 0.000000000), (0.000002863, 23.608800000), (0.000003184, 0.000000000), (0.000003072, 23.644800000), (0.000003144, 0.000000000), (0.000003181, 23.640000000), (0.000003038, 0.000000000), (0.000003641, 23.608800000), (0.000003670, 0.000000000), (0.000003113, 23.616000000), (0.000003119, 0.000000000), (0.000002974, 23.608800000), (0.000003250, 0.000000000), (0.000003151, 23.644800000), (0.000003074, 0.000000000), (0.000003112, 23.640000000), (0.000003042, 0.000000000), (0.000003110, 23.608800000), (0.000003143, 0.000000000), (0.000003133, 23.616000000), (0.000002978, 0.000000000), (0.000002896, 23.608800000), (0.000003258, 0.000000000), (0.000003454, 23.644800000), (0.000003591, 0.000000000), (0.000003123, 23.640000000), (0.000003004, 0.000000000), (0.000003244, 23.608800000), (0.000002964, 0.000000000), (0.000003124, 23.616000000), (0.000002987, 0.000000000), (0.000002821, 23.608800000), (0.000003169, 0.000000000), (0.000003106, 23.644800000), (0.000002922, 0.000000000), (0.000003042, 23.640000000), (0.000002958, 0.000000000), (0.000003070, 23.608800000), (0.000002914, 0.000000000), (0.000003035, 23.616000000), (0.000002920, 0.000000000), (0.000002967, 23.608800000), (0.000003092, 0.000000000), (0.000003036, 23.644800000), (0.000003215, 0.000000000), (0.000003217, 23.640000000), (0.000002917, 0.000000000), (0.000003161, 23.608800000), (0.000002892, 0.000000000), (0.000003049, 23.616000000), (0.000002886, 0.000000000), (0.000002937, 23.608800000), (0.000003131, 0.000000000), (0.000003172, 23.644800000), (0.000002972, 0.000000000), (0.000003114, 23.640000000), (0.000002890, 0.000000000), (0.000003130, 23.608800000), (0.000002912, 0.000000000), (0.000003085, 23.616000000), (0.000002833, 0.000000000), (0.000002805, 23.608800000), (0.000003262, 0.000000000), (0.000003486, 23.644800000), (0.000003349, 0.000000000), (0.000003098, 23.640000000), (0.000002921, 0.000000000), (0.000003243, 23.608800000), (0.000002914, 0.000000000), (0.000003055, 23.616000000), (0.000002924, 0.000000000), (0.000002839, 23.608800000), (0.000003086, 0.000000000), (0.000003040, 23.644800000), (0.000003051, 0.000000000), (0.000003095, 23.640000000), (0.000002959, 0.000000000), (0.000003036, 23.608800000), (0.000003115, 0.000000000), (0.000003048, 23.616000000), (0.000002925, 0.000000000), (0.000002901, 23.608800000), (0.000003132, 0.000000000), (0.000003061, 23.644800000), (0.000003031, 0.000000000), (0.000003034, 23.640000000), (0.000002965, 0.000000000), (0.000003042, 23.608800000), (0.000002961, 0.000000000), (0.000003016, 23.616000000), (0.000002895, 0.000000000)],
